*begin("version 12.0.0.85  5-25-2016  18:42:20")
*templatefileset("/u/local/apps/hyperworks/12.0/altair/templates/feoutput/abaqus/standard.3d")
*menufilterset("*")
*menufilterdisable()
*elementtype(104,7)
*elementtype(210,3)
*elementtype(213,3)
*elementtype(220,3)
*elementtype(5,1)
*elementtype(55,1)
*elementtype(206,1)
*elementtype(205,7)
*elementtype(208,7)
*elementtype(56,2)
*readfile("/u/project/cardio/luigiemp/CardiacMesh/Contraction/RabbitLV/LVMesh_TetOutput_Linear.hm")
*setgeomrefinelevel(1)
*window(0,0,0,0,0)
*viewset(0.995340482,0.0873938187,0.0407387408,0,-0.0775069044,0.97649361,-0.201129089,0,-0.0573585592,0.19703439,0.978717245,0,2.92457904,-10.4016213,-36.8610191,1,6.6796138,5.05219469,31.0906847,30.3254966)
*viewset(0.944076082,-0.211211987,0.253199226,0,0.309858007,0.305759154,-0.900277377,0,0.112731393,0.928386146,0.354105629,0,-8.22187619,-1.93203034,-13.3896327,1,6.6796138,5.05219469,31.0906847,30.3254966)
*viewset(0.67523688,-0.0722647818,0.734052421,0,0.626577091,0.581280006,-0.519148056,0,-0.389173875,0.810488344,0.437781155,0,-1.7118878,-8.94733939,-32.9100549,1,6.6796138,5.05219469,31.0906847,30.3254966)
*viewset(0.449909741,-0.232172578,0.86236716,0,0.892050675,0.163042163,-0.421500708,0,-0.0427413006,0.958912481,0.280463962,0,-9.82510584,1.27872647,-34.8459621,1,6.6796138,5.05219469,31.0906847,30.3254966)
*viewset(-0.593167777,-0.476686711,0.64878484,0,0.749543085,-0.0328681496,0.661139054,0,-0.293831844,0.878458573,0.376793555,0,17.6650366,11.924868,-57.9663056,1,6.6796138,5.05219469,31.0906847,30.3254966)
*viewset(-0.632775068,0.239453952,-0.736381367,0,-0.696181817,-0.592274357,0.405637724,0,-0.339008245,0.769332757,0.541479934,0,53.1972075,13.4808739,-28.7142052,1,6.6796138,5.05219469,31.0906847,30.3254966)
*viewset(-0.632775068,0.239453952,-0.736381367,0,-0.696181817,-0.592274357,0.405637724,0,-0.339008245,0.769332757,0.541479934,0,53.1972075,13.4808739,-28.7142052,1,6.6796138,5.05219469,31.0906847,30.3254966)
*viewset(-0.632775068,0.239453952,-0.736381367,0,-0.696181817,-0.592274357,0.405637724,0,-0.339008245,0.769332757,0.541479934,0,53.1972075,13.4808739,-28.7142052,1,6.6796138,5.05219469,31.0906847,30.3254966)
*viewset(-0.109626175,0.654580579,-0.748001583,0,-0.367141394,-0.725986539,-0.581507302,0,-0.923682466,0.210873923,0.319910753,0,45.9248286,18.6628477,-1.37035627,1,6.6796138,5.05219469,31.0906847,30.3254966)
*viewset(0.798975929,0.0617639303,0.598182817,0,-0.473234331,-0.549195238,0.688791593,0,0.37106163,-0.833408548,-0.409564963,0,8.35717054,44.1745469,-43.7509405,1,6.6796138,5.05219469,31.0906847,30.3254966)
*viewset(0.71145918,0.602766576,-0.361245471,0,0.694803365,-0.526393985,0.490058829,0,0.105233639,-0.599651422,-0.793312078,0,-12.7452638,29.286742,-14.1722836,1,6.6796138,5.05219469,31.0906847,30.3254966)
*viewset(0.063200544,0.931209306,-0.358963675,0,0.491938135,-0.34201821,-0.800637506,0,-0.868333209,-0.125987195,-0.479713106,0,21.4872811,10.3713054,10.5781832,1,6.6796138,5.05219469,31.0906847,30.3254966)
*viewset(-0.0875518168,0.727385143,0.680621431,0,0.409413341,0.649147431,-0.641083715,0,-0.908138423,0.22252745,-0.354635219,0,26.9783038,-15.2438768,-15.017696,1,6.6796138,5.05219469,31.0906847,30.3254966)
*viewset(-0.531911596,0.746553458,0.399659841,0,0.829043043,0.555254459,0.0661824614,0,-0.172504163,0.36653843,-0.914271236,0,12.49323,-15.9460927,-16.4382848,1,6.6796138,5.05219469,31.0906847,30.3254966)
*viewset(0.109871841,-0.767103119,0.632045081,0,0.0819641453,0.640721741,0.76338557,0,-0.990560476,-0.032069543,0.133272229,0,32.4053201,17.681349,-55.7460993,1,6.6796138,5.05219469,31.0906847,30.3254966)
*viewset(-0.0149440914,0.998479062,0.0530682298,0,-0.99953477,-0.0135064621,-0.0273462935,0,-0.0265879374,-0.0534522063,0.998216381,0,43.1340261,0.0954275272,-41.5239417,1,6.6796138,5.05219469,31.0906847,30.3254966)
*viewset(-0.0149440914,0.998479062,0.0530682298,0,-0.99953477,-0.0135064621,-0.0273462935,0,-0.0265879374,-0.0534522063,0.998216381,0,43.1340261,0.0954275272,-41.5239417,1,6.6796138,5.05219469,31.0906847,30.3254966)
*viewset(-0.629728397,-0.71409783,0.305788219,0,0.724672419,-0.681818444,-0.0998673884,0,0.279807133,0.158706958,0.946847437,0,8.79311989,44.3950451,-43.6831653,1,6.6796138,5.05219469,31.0906847,30.3254966)
*createmark(nodes,1) 1-4 9 10 12-14 16 18 21-23 25 26 28-30 34-40 45 47 49
  50 53 55 56 58-60 65 71 73-76 78 84 87-90 92 93 96-98 100-102 104-106 108
  110-113 116-124 126 130 132 133 135-137 139 142-144 147-153 156-158 160 162
  164-168 170-175 177 181 184-189 193-196 198 199 201 204 206-216 218-226 228
  229 232-235 237-239 241-243 245 250 252 253 255 257 258 260 262 263 269 271-273
  275-282 284 285 289-295 297 298 300-302 304-307 309 311 313-322 324 325 328
  330 331 333-336 339-342 344 346-350 352 356-358 360 361 363 367 370 371 373
  377 379 382-387 390-393 395-397 400-402 405 409 410 412-417 419 421 422 424
  426 428-430 435-440 442 444-452 454-460 463 464 469 472 474-477 479 481-483
  485 487 491-498 502 505 506 508 512-514 517 520 521 524-535 537 538 540 542-545
  549-556 558 560 561 563 565 566 569 571-574 576-579 583 589-591 593-597 599-601
  605 607-614 616 617 619-621 624-627 630-632 634 639-646 649 651-659 662 665
  667-671 673 674 678 680 681 685 686 689 692 695 698-700 703-705 707 709 711
  713-719 723-729 731-734 736-739 743 744 747-751 754 755 757-759 762 764-766
  769 772 773 775 776 778 780 781 783 784 790 791 793-797 799 802 803 805-817
  819 820 822 823 825 828 830-833 836 837 840-842 844-847 851-858 862 868 871
  876 877 880 883-885 889 893-899 901-905 907 910 911 913 917 919-924 926-929
  931 932 936-943 947-949 951 953 955-958 961-963 965 967-972 974 979-990 992-995
  997 999 1000 1003 1005 1006 1008-1011 1014-1016 1018 1020 1021 1023 1024
  1027 1028 1030 1033-1041 1044-1048 1050 1051 1059-1064 1066 1067 1069-1071
  1074 1077 1078 1080 1081 1083 1084 1086-1088 1090-1097 1099-1102 1104-1109
  1111 1112 1114 1116 1117 1119 1123-1127 1129-1131 1134 1138-1142 1145-1149
  1151 1153-1157 1160 1162 1165 1166 1168-1170 1173 1177 1178 1180 1183 1185
  1186 1188 1189 1193 1194 1196-1200 1205 1206 1209 1210 1212 1214 1218 1219
  1221 1222 1225 1226 1228-1231 1233 1234 1240-1242 1244-1258 1260 1264 1266-1268
  1270 1271 1273-1279 1282 1283 1285-1288 1291-1299 1302 1303 1307-1320 1323
  1326 1327 1329 1330 1334 1338 1341-1344 1347-1351 1356 1360 1362-1365 1369
  1370 1374 1375 1378 1380 1384 1385 1387 1388 1390 1392-1395 1397-1401 1403
  1405 1407-1418 1420 1423 1425 1426 1428-1432 1434-1436 1438 1439 1444 1445
  1448 1452 1454-1456 1458 1460-1462 1465-1467 1469-1471 1474-1479 1481 1482
  1484-1487 1489-1492 1494 1496 1499-1503 1506 1510 1513-1517 1520 1522-1524
  1526 1529-1536 1538 1540 1542-1545 1547-1550 1552-1563 1567-1570 1572 1576
  1577 1579 1582 1585 1586 1589 1590 1593-1595 1597 1599-1602 1604 1606-1609
  1611 1613 1614 1616-1618 1623-1625 1627 1629 1630 1633 1635 1639-1642 1644-1646
  1648-1654 1656 1659 1661 1663 1664 1666 1668 1670-1676 1678 1679 1681 1682
  1684-1686 1689 1690 1694 1696-1698 1700 1702-1706 1708 1710 1711 1713 1716-1719
  1722-1725 1727 1730-1732 1734 1736 1740-1745 1747 1748 1752 1753 1756 1761
  1764 1765 1767-1769 1773-1776 1778-1783 1785 1787-1789 1791 1792 1794 1795
  1798-1800 1802 1803 1806 1807 1811-1814 1817-1828 1831-1834 1837-1842 1845-1850
  1853-1856 1858 1860 1862-1864 1868 1869 1871-1879 1881 1882 1884-1890 1892
  1895 1896 1898-1900 1903 1905-1908 1911 1912 1914 1917-1926 1929 1931 1932
  1934 1935 1940-1942 1944 1945 1947 1950-1952 1954 1959-1962 1965-1967 1969-1973
  1975 1977 1980 1984 1986-1988 1990-1992 1994 1995 1998 1999 2002 2003 2005
  2008-2018 2021 2024 2028 2031 2032 2035-2038 2041 2044 2045 2049 2051-2056
  2058 2060 2062-2067 2069 2070 2072 2074 2075 2078 2080 2082 2085 2086 2089
  2090 2092-2099 2101 2103-2107 2109 2111 2112 2115-2119 2121 2122 2124 2126
  2128 2131 2133-2137 2139 2141 2142 2144-2150 2152-2154 2157 2159-2165 2167-2169
  2172 2174 2177 2178 2181 2183 2185-2191 2195
*clearmark(nodes,1)
*retainmarkselections(0)
*entityhighlighting(1)
*feoutputwithdata("/u/local/apps/hyperworks/12.0/altair/templates/feoutput/abaqus/standard.3d","/u/project/cardio/luigiemp/CardiacMesh/Contraction/RabbitLV/RabbitLV.inp",0,0,2,1,0)
*numbersclear()
*viewset(0.899256654,-0.363308964,0.243606378,0,-0.298392913,-0.916720561,-0.265678532,0,0.319842368,0.166222771,-0.932775884,0,3.25931721,43.1593093,-5.36271602,1,6.6796138,5.05219469,31.0906847,30.3254966)
*viewset(-0.568241498,-0.0192245215,-0.822637234,0,0.412738876,0.858210597,-0.305157651,0,0.711862501,-0.512937608,-0.479736167,0,7.32207969,6.95097916,7.68775084,1,6.6796138,5.05219469,31.0906847,30.3254966)
*viewset(0.530538799,0.160512176,-0.832324711,0,0.523192607,0.710549114,0.470520407,0,0.66693184,-0.685095467,0.292995089,0,-15.2302456,10.0730187,-24.0321063,1,6.6796138,5.05219469,31.0906847,30.3254966)
*viewset(0.590717521,-0.78109135,-0.202358871,0,0.791456224,0.609708198,-0.0430460044,0,0.157002724,-0.134730159,0.978364926,0,-13.6528209,20.4905107,-35.979956,1,6.6796138,5.05219469,31.0906847,30.3254966)
*viewset(-0.14665161,-0.85887153,-0.49074739,0,0.988685931,-0.11145918,-0.100384164,0,0.0315187991,-0.499916539,0.865499867,0,-2.14416339,45.3718113,-27.1893789,1,6.6796138,5.05219469,31.0906847,30.3254966)
*viewset(-0.279066819,-0.733081524,-0.620252521,0,0.952374329,-0.128622274,-0.276476848,0,0.122901779,-0.667868093,0.734062234,0,-0.40635477,46.3705751,-18.2792148,1,6.6796138,5.05219469,31.0906847,30.3254966)
*setdisplayattributes(0,0)
*setelementinternaledgesmode(0)
*numbers(1)
*createmark(nodes,1) 1457
*numbersmark(nodes,1,1)
*createmark(nodes,1) 366
*numbersmark(nodes,1,1)
*window(0,0,0,0,0)
*window(3,11.6031837,14.1317115,23.3050516,22.3908043)
*window(3,16.1585548,18.1453095,17.1442413,18.8409998)
*window(0,0,0,0,0)
*setdisplayattributes(2,0)
*viewset(-0.0502450611,0.984562979,0.167663874,0,-0.576411876,-0.165681898,0.800186764,0,0.815613133,-0.0564380152,0.575838491,0,18.956657,3.9882822,-55.6697731,1,2.49921407,-1.24164929,35.2710831,36.6193403)
*viewset(0.134815638,0.929191327,0.344134018,0,-0.0722308529,-0.337164846,0.93867064,0,0.98823451,-0.151404575,0.0216611883,0,0.556359833,10.7449309,-52.455061,1,2.49921407,-1.24164929,35.2710831,36.6193403)
*viewset(0.134815638,0.929191327,0.344134018,0,-0.0722308529,-0.337164846,0.93867064,0,0.98823451,-0.151404575,0.0216611883,0,0.556359833,10.7449309,-52.455061,1,2.49921407,-1.24164929,35.2710831,36.6193403)
*numbersclear()
*numbersclear()
*numbersclear()
*viewset(-0.0123782671,0.852390842,-0.522758673,0,0.0152723348,0.522898909,0.852257876,0,0.999806748,0.00256573011,-0.0194905807,0,1.07447698,-10.7459987,-33.3244071,1,2.49921407,-1.24164929,35.2710831,36.6193403)
*window(3,4.32951975,8.73368335,35.7304269,30.8962138)
*numbers(1)
*createmark(nodes,1) 754
*numbersmark(nodes,1,1)
*setdisplayattributes(0,0)
*setelementinternaledgesmode(0)
*setdisplayattributes(2,0)
*setdisplayattributes(0,0)
*setelementinternaledgesmode(0)
*numbersclear()
*numbers(1)
*createmark(nodes,1) 863
*numbersmark(nodes,1,1)
*window(3,10.6516651,19.0730064,15.6703846,22.6151819)
*window(3,13.0895597,20.5954534,14.0434416,21.2686962)
*window(3,13.3941834,20.919715,13.5177966,21.0069603)
*window(3,13.4309282,20.9579906,13.4554247,20.97528)
*setdisplayattributes(2,0)
*window(0,0,0,0,0)
*window(3,6.25331262,12.8450096,25.0927956,26.1417789)
*createmark(nodes,1) 2098
*numbersmark(nodes,1,1)
*window(3,16.0975392,15.9753506,21.0210326,19.4503162)
*window(3,17.6361309,18.0682666,18.3941687,18.6032841)
*window(0,0,0,0,0)
*window(3,16.749469,15.8482069,21.4539222,19.1685756)
*window(3,17.6401582,17.461777,18.6054348,18.1430622)
*setdisplayattributes(0,0)
*setelementinternaledgesmode(0)
*setdisplayattributes(2,0)
*window(0,0,0,0,0)
*window(3,4.80967408,6.59973248,36.6419039,29.0666874)
*createmark(nodes,1) 308 806
*numbersmark(nodes,1,1)
*createmark(nodes,1) 308
*numbersmark(nodes,1,1)
*setdisplayattributes(0,0)
*setelementinternaledgesmode(0)
*window(3,19.5611952,14.8234185,23.346125,17.4947942)
*window(3,21.0036227,15.8823494,21.436351,16.1877658)
*quit() "5-25-2016  20:48:37"

