0.22251044 -0.96083191 -0.16520033 -0.97421763 -0.22561032 0.00000000 -0.03727090 0.16094107 -0.98626003
-0.23838087 -0.95555350 -0.17347064 -0.97026363 0.24205059 0.00000000 0.04198867 0.16831225 -0.98483904
-0.33016110 -0.90712303 -0.26100087 -0.93969418 0.34201586 0.00000000 0.08926644 0.24526100 -0.96533856
-0.13493951 -0.20015928 0.97042650 -0.82917126 0.55899465 0.00000000 -0.54246322 -0.80464976 -0.24139679
0.31984850 0.94417558 0.07892663 0.94713022 -0.32084942 0.00000000 0.02532356 0.07475380 -0.99688043
0.02580502 -0.20958019 0.97745089 -0.99250496 -0.12220436 0.00000000 0.11944876 -0.97012486 -0.21116287
0.14992007 -0.13264006 0.97976047 -0.66262562 -0.74895079 0.00000000 0.73379238 -0.64921439 -0.20017346
-0.25749001 0.31213001 0.91448004 0.77139421 0.63635759 0.00000000 -0.58193631 0.70542461 -0.40463101
0.34272904 0.07422579 0.93649738 0.21166573 -0.97734212 0.00000000 0.91527833 0.19822440 -0.35067458
-0.25571986 -0.40266979 0.87889954 -0.84415921 0.53609256 0.00000000 -0.47117150 -0.74193113 -0.47700693
-0.07827200 0.99687002 0.01112000 0.99693166 0.07827684 0.00000000 -0.00087044 0.01108588 -0.99993817
0.66253035 -0.29009015 0.69058036 -0.40108936 -0.91603893 0.00000000 0.63259850 -0.27698444 -0.72325567
-0.42454838 -0.63931756 0.64111756 -0.83304926 0.55319881 0.00000000 -0.35466547 -0.53408251 -0.76744269
0.37802949 -0.78485893 0.49100933 -0.90094134 -0.43394090 0.00000000 0.21306903 -0.44237060 -0.87115431
-0.89137151 -0.02336704 0.45267076 -0.02620570 0.99965657 0.00000000 -0.45251530 -0.01186255 -0.89167773
0.09642039 -0.75152301 0.65262261 -0.99186979 -0.12725687 0.00000000 0.08305071 -0.64731666 -0.75768313
-0.50858874 -0.46009886 0.72776819 -0.67087094 0.74157412 0.00000000 -0.53969406 -0.48823853 -0.68582320
0.24996042 -0.48517082 0.83793142 -0.88895670 -0.45799125 0.00000000 0.38376526 -0.74488475 -0.54577554
0.18296057 -0.86849272 0.46070144 -0.97852252 -0.20613994 0.00000000 0.09496897 -0.45080674 -0.88755517
0.15319971 -0.90654829 0.39331926 -0.98601954 -0.16662974 0.00000000 0.06553869 -0.38782047 -0.91940196
-0.78739131 -0.48174080 0.38463064 -0.52188946 0.85301312 0.00000000 -0.32809498 -0.20073468 -0.92307057
-0.80976743 -0.57659817 -0.10867965 -0.58003381 0.81459240 0.00000000 0.08852962 0.06303787 -0.99407682
-0.13059939 0.34195840 0.93059564 0.93418793 0.35678133 0.00000000 -0.33201915 0.86935122 -0.36604883
0.26861047 -0.36981065 0.88943156 -0.80909262 -0.58768115 0.00000000 0.52270217 -0.71963251 -0.45706838
0.22188009 -0.65781027 0.71976029 -0.94754938 -0.31960940 0.00000000 0.23004215 -0.68200842 -0.69422267
0.98320526 -0.18127097 -0.02117211 -0.18131161 -0.98342570 0.00000000 -0.02082120 0.00383875 -0.99977585
0.31979913 -0.78560787 0.52966856 -0.92620080 -0.37703061 0.00000000 0.19970126 -0.49057945 -0.84820470
0.20415117 -0.75806434 0.61940355 -0.96559755 -0.26004108 0.00000000 0.16107037 -0.59809455 -0.78507276
0.66039914 -0.22494971 0.71642907 -0.32243460 -0.94659174 0.00000000 0.67816584 -0.23100152 -0.69765994
0.26442026 -0.85302083 0.44993044 -0.95516246 -0.29608222 0.00000000 0.13321640 -0.42975666 -0.89306361
-0.53146818 0.29653899 0.79347729 0.48724786 0.87326372 0.00000000 -0.69291492 0.38662011 -0.60859987
0.06018113 0.10942023 0.99217208 0.87621591 -0.48191875 0.00000000 0.47814633 0.86935696 -0.12487816
-0.20416903 0.21320899 0.95543547 0.72225256 0.69162941 0.00000000 -0.66080727 0.69006572 -0.29520004
-0.66656031 0.74474034 -0.03254501 0.74513506 0.66691359 0.00000000 0.02170471 -0.02425043 -0.99947027
-0.76021790 0.18358949 -0.62318828 0.23474761 0.97205636 0.00000000 0.60577413 -0.14629196 -0.78207184
-0.41362956 0.75397920 0.51031946 0.87673538 0.48097304 0.00000000 -0.24544990 0.44741513 -0.85998491
-0.17292975 0.95997862 0.22030968 0.98415944 0.17728566 0.00000000 -0.03905775 0.21681985 -0.97542998
0.67268870 -0.60633882 0.42407918 -0.66952519 -0.74278935 0.00000000 0.31500150 -0.28393169 -0.90562512
0.58403814 -0.80036745 -0.13531957 -0.80779757 -0.58945999 0.00000000 -0.07976547 0.10931082 -0.99080201
0.35766142 -0.53861214 0.76287303 -0.83305783 -0.55318591 0.00000000 0.42201061 -0.63551735 -0.64654832
-0.45681042 -0.86136079 0.22222021 -0.88345014 0.46852519 0.00000000 -0.10411576 -0.19632047 -0.97499650
0.13896043 -0.75680234 0.63870198 -0.98355734 -0.18059610 0.00000000 0.11534709 -0.62820002 -0.76945421
0.37775994 -0.92473986 -0.04640699 -0.92573724 -0.37816738 0.00000000 -0.01754961 0.04296068 -0.99892262
0.15938017 -0.89239096 0.42218045 -0.98442287 -0.17581698 0.00000000 0.07422649 -0.41560409 -0.90651181
-0.23976126 0.59696315 0.76560404 0.92795261 0.37269820 0.00000000 -0.28533925 0.71044426 -0.64331210
0.09203974 -0.41330883 0.90592743 -0.97609027 -0.21736553 0.00000000 0.19691740 -0.88426695 -0.42343299
0.32050830 0.56183702 0.76263595 0.86860349 -0.49550780 0.00000000 0.37789206 0.66242825 -0.64682796
0.41543084 -0.66807136 0.61733125 -0.84920368 -0.52806545 0.00000000 0.32599130 -0.52423997 -0.78670333
-0.92902062 0.11674008 -0.35113023 0.12467880 0.99219716 0.00000000 0.34839042 -0.04377850 -0.93632663
0.25223043 -0.60654104 0.75398129 -0.92334423 -0.38397322 0.00000000 0.28950862 -0.69618427 -0.65689590
-0.38109060 0.45686072 0.80377126 0.76791258 0.64055466 0.00000000 -0.51485943 0.61722606 -0.59493845
-0.97203817 0.10154981 0.21172960 0.10390553 0.99458717 0.00000000 -0.21058355 0.02199988 -0.97732828
-0.62503905 0.06058491 -0.77823882 0.09647763 0.99533515 0.00000000 0.77460845 -0.07508264 -0.62796843
0.32913099 0.93563283 0.12753039 0.94333548 -0.33184058 0.00000000 0.04231976 0.12030394 -0.99183466
-0.84091291 0.51463178 0.16739058 0.52199681 0.85294744 0.00000000 -0.14277537 0.08737735 -0.98589066
0.10983012 0.69454074 0.71102075 0.98772662 -0.15619261 0.00000000 0.11105619 0.70229412 -0.70317102
0.90460973 0.28624992 -0.31581991 0.30169070 -0.95340585 0.00000000 -0.30110455 -0.09527993 -0.94881915
-0.70367069 0.52602052 0.47765047 0.59873717 0.80094557 0.00000000 -0.38257203 0.28598709 -0.87854996
0.03833413 0.94961323 0.31107106 0.99918620 -0.04033530 0.00000000 0.01254714 0.31081791 -0.95038666
0.27533073 -0.22176059 0.93542249 -0.62727188 -0.77880035 0.00000000 0.72850736 -0.58676422 -0.35353185
0.04624884 0.97668655 0.20962926 0.99888074 -0.04729979 0.00000000 0.00991542 0.20939463 -0.97778094
0.16073017 0.37227039 0.91410096 0.91808296 -0.39638830 0.00000000 0.36233893 0.83922051 -0.40548666
-0.50012075 -0.86458129 -0.04876907 -0.86561130 0.50071656 0.00000000 0.02441948 0.04221506 -0.99881008
-0.46158954 -0.23412977 0.85563915 -0.45236099 0.89183492 0.00000000 -0.76308887 -0.38705777 -0.51757285
-0.01714904 0.06368916 0.99782243 0.96560829 0.26000120 0.00000000 -0.25943503 0.96350561 -0.06595755
0.06025901 0.39989005 0.91458012 0.98883619 -0.14900668 0.00000000 0.13627854 0.90436992 -0.40440475
0.42265091 -0.29227063 0.85787184 -0.56877071 -0.82249612 0.00000000 0.70559626 -0.48793238 -0.51386371
-0.33802079 -0.63569149 0.69400163 -0.88293744 0.46949065 0.00000000 -0.32582728 -0.61276003 -0.71997343
-0.86487818 0.10257978 -0.49138897 0.11778051 0.99303965 0.00000000 0.48796873 -0.05787604 -0.87094023
-0.53319880 0.49923888 0.68297846 0.68347831 0.72997082 0.00000000 -0.49855435 0.46680096 -0.73043851
-0.18076090 -0.65544328 0.73329367 -0.96401186 0.26585924 0.00000000 -0.19495290 -0.70690379 -0.67991205
0.07898485 -0.46873910 0.87979830 -0.98609839 -0.16616244 0.00000000 0.14618943 -0.86756769 -0.47534718
0.21697958 -0.39821923 0.89125827 -0.87810953 -0.47845966 0.00000000 0.42643113 -0.78262239 -0.45349608
0.56470003 0.81888005 -0.10271001 0.82323385 -0.56770242 0.00000000 -0.05830872 -0.08455435 -0.99471134
0.26700037 0.58597081 0.76508105 0.90998583 -0.41463935 0.00000000 0.31723271 0.69621292 -0.64393399
0.25238968 -0.95972878 0.12336984 -0.96711682 -0.25433259 0.00000000 0.03137697 -0.11931305 -0.99236076
0.79498774 -0.55337843 0.24852929 -0.57130343 -0.82073893 0.00000000 0.20397767 -0.14198564 -0.96862438
0.31021839 0.09948948 0.94544508 0.30538712 -0.95222829 0.00000000 0.90027955 0.28872675 -0.32578153
-0.56265067 0.82654099 0.01594402 0.82664607 0.56272220 0.00000000 -0.00897205 0.01318006 -0.99987289
-0.17989929 -0.13736946 0.97404614 -0.60689077 0.79478525 0.00000000 -0.77415750 -0.59113961 -0.22634955
0.28469852 0.70095636 0.65391661 0.92649653 -0.37630330 0.00000000 0.24607098 0.60585147 -0.75656663
0.87456081 -0.16489015 -0.45602042 -0.18527622 -0.98268648 0.00000000 -0.44812510 0.08448974 -0.88996931
0.32127866 0.63057737 0.70650705 0.89101599 -0.45397193 0.00000000 0.32073437 0.62950908 -0.70770601
0.57783257 -0.68005303 0.45126201 -0.76205681 -0.64751017 0.00000000 0.29219674 -0.34388729 -0.89239151
-0.30884000 -0.94746001 0.08329100 -0.95076365 0.30991688 0.00000000 -0.02581329 -0.07919006 -0.99652527
0.29395033 0.90507102 0.30731035 0.95109514 -0.30889811 0.00000000 0.09492759 0.29228138 -0.95160935
-0.71728229 0.65312209 0.24277078 0.67326366 0.73940249 0.00000000 -0.17950532 0.16344874 -0.97008368
-0.73809400 -0.01660009 0.67449365 -0.02248480 0.99974719 0.00000000 -0.67432313 -0.01516585 -0.73828065
0.01961707 0.95603337 0.29260103 0.99978955 -0.02051491 0.00000000 0.00600268 0.29253945 -0.95623461
0.31808128 -0.94792381 -0.01627107 -0.94804932 -0.31812339 0.00000000 -0.00517621 0.01542577 -0.99986762
0.31586819 -0.42059759 0.85048513 -0.79961657 -0.60051090 0.00000000 0.51072559 -0.68006200 -0.52599909
0.36910022 0.85472052 0.36499022 0.91805596 -0.39645083 0.00000000 0.14470068 0.33508145 -0.93101135
0.57714907 -0.73425882 0.35743942 -0.78619794 -0.61797475 0.00000000 0.22088854 -0.28101814 -0.93393632
-0.11248962 0.37225874 0.92128688 0.95724968 0.28926293 0.00000000 -0.26649414 0.88190158 -0.38888364
0.62563078 -0.75691094 0.18887023 -0.77078346 -0.63709722 0.00000000 0.12032870 -0.14557805 -0.98200205
-0.68046083 0.72982089 0.06583708 0.73140777 0.68194038 0.00000000 -0.04489696 0.04815375 -0.99783039
0.80569887 0.55842922 0.19749972 0.56964964 -0.82188764 0.00000000 0.16232258 0.11250565 -0.98030294
-0.54503251 0.06649531 0.83577385 0.12110449 0.99263976 0.00000000 -0.82962236 0.10121597 -0.54907383
0.44363197 -0.48048213 0.75652336 -0.73471961 -0.67837092 0.00000000 0.51320345 -0.55583254 -0.65396667
0.28469852 0.70095636 0.65391661 0.92649653 -0.37630330 0.00000000 0.24607098 0.60585147 -0.75656663
0.41824993 -0.08799299 0.90405986 -0.20587688 -0.97857790 0.00000000 0.88469300 -0.18612502 -0.42740586
0.10239935 -0.58598628 0.80382489 -0.98507275 -0.17213852 0.00000000 0.13836923 -0.79182600 -0.59486599
-0.73062161 -0.22087049 -0.64607143 -0.28937136 0.95721691 0.00000000 0.61843050 0.18695456 -0.76327696
-0.00939083 0.36021134 0.93282346 0.99966034 0.02606149 0.00000000 -0.02431077 0.93250662 -0.36033373
-0.81791357 0.01216405 0.57521251 0.01487041 0.99988943 0.00000000 -0.57514891 0.00855364 -0.81800402
-0.50649106 0.17138036 0.84504176 0.32051666 0.94724288 0.00000000 -0.80045979 0.27084997 -0.53470031
-0.24475071 0.91522264 0.32010092 0.96605302 0.25834387 0.00000000 -0.08269611 0.30923447 -0.94738345
-0.75788618 -0.42923783 0.49128752 -0.49281181 0.87013592 0.00000000 -0.42748692 -0.24211229 -0.87099746
0.73966002 -0.61171001 0.28056001 -0.63730648 -0.77061044 0.00000000 0.21620247 -0.17880271 -0.95983649
0.16823966 0.00744758 0.98571799 0.04422440 -0.99902162 0.00000000 0.98475358 0.04359279 -0.16840442
0.44904004 0.53477005 0.71581006 0.76582249 -0.64305203 0.00000000 0.46030311 0.54818345 -0.69829504
0.21342962 0.26372953 0.94068833 0.77733959 -0.62908121 0.00000000 0.59176935 0.73123427 -0.33927197
0.24201077 -0.27690088 0.92992295 -0.75295053 -0.65807713 0.00000000 0.61196102 -0.70018597 -0.36775441
0.00441101 -0.57534116 0.81790164 -0.99997061 -0.00766655 0.00000000 0.00627048 -0.81787761 -0.57535806
0.89676179 0.38608077 0.21624043 0.39543675 -0.91849321 0.00000000 0.19861537 0.08550941 -0.97634014
-0.58023147 0.80911205 0.09310824 0.81264217 0.58276299 0.00000000 -0.05426003 0.07566368 -0.99565599
-0.30748053 -0.18356032 0.93368160 -0.51258902 0.85863409 0.00000000 -0.80169085 -0.47859494 -0.35810426
-0.11248962 0.37225874 0.92128688 0.95724968 0.28926293 0.00000000 -0.26649414 0.88190158 -0.38888364
-0.41606029 -0.42707030 0.80281056 -0.71627946 0.69781354 0.00000000 -0.56021208 -0.57503671 -0.59623419
-0.52529970 -0.56029968 0.64040963 -0.72952502 0.68395412 0.00000000 -0.43801081 -0.46719485 -0.76803353
-0.38098015 -0.33949013 0.86000034 -0.66528410 0.74659029 0.00000000 -0.64206790 -0.57214455 -0.51029347
0.93310303 -0.16675054 -0.31861103 -0.17591843 -0.98440475 0.00000000 -0.31364221 0.05604955 -0.94788555
-0.47070144 -0.73737226 0.48448148 -0.84290235 0.53806656 0.00000000 -0.26068328 -0.40837058 -0.87480152
0.93310303 -0.16675054 -0.31861103 -0.17591843 -0.98440475 0.00000000 -0.31364221 0.05604955 -0.94788555
0.00381611 -0.84357257 0.53700164 -0.99998977 -0.00452370 0.00000000 0.00242924 -0.53699614 -0.84358120
-0.59919149 0.79626198 -0.08328521 0.79903803 0.60128049 0.00000000 0.05007777 -0.06654805 -0.99652575
0.93310303 -0.16675054 -0.31861103 -0.17591843 -0.98440475 0.00000000 -0.31364221 0.05604955 -0.94788555
-0.61292780 0.78842717 -0.05198181 0.78949454 0.61375758 0.00000000 0.03190423 -0.04103936 -0.99864803
0.51510942 -0.75234915 0.41064954 -0.82513129 -0.56494102 0.00000000 0.23199277 -0.33883978 -0.91179327
0.16286004 0.94427022 0.28606007 0.98545053 -0.16996248 0.00000000 0.04861948 0.28189805 -0.95821169
0.26170987 -0.44533977 0.85625956 -0.86214963 -0.50665375 0.00000000 0.43382711 -0.73822386 -0.51654580
-0.50388019 0.14632005 0.85129031 0.27886689 0.96032976 0.00000000 -0.81751943 0.23739669 -0.52469496
-0.35318898 -0.27974919 0.89274741 -0.62089564 0.78389323 0.00000000 -0.69981865 -0.55430298 -0.45055750
0.80768009 -0.14458002 0.57162006 -0.17620569 -0.98435337 0.00000000 0.56267613 -0.10072271 -0.82051844
0.38962952 0.78092905 0.48819940 0.89480957 -0.44644802 0.00000000 0.21795566 0.43684550 -0.87273211
0.03697891 0.05823985 0.99761750 0.84420480 -0.53602076 0.00000000 0.53474369 0.84219348 -0.06898783
0.71942794 -0.50015857 0.48193862 -0.57082370 -0.82107265 0.00000000 0.39570662 -0.27510199 -0.87620498
0.41824993 -0.08799299 0.90405986 -0.20587688 -0.97857790 0.00000000 0.88469300 -0.18612502 -0.42740586
0.33380978 0.66850956 0.66457956 0.89466528 -0.44673710 0.00000000 0.29689235 0.59457626 -0.74721751
0.09157722 0.87572207 0.47405112 0.99457664 -0.10400624 0.00000000 0.04930428 0.47148017 -0.88049732
-0.18973949 0.30460918 0.93338747 0.84880041 0.52871340 0.00000000 -0.49349447 0.79225967 -0.35887020
-0.73062161 -0.22087049 -0.64607143 -0.28937136 0.95721691 0.00000000 0.61843050 0.18695456 -0.76327696
-0.50493072 -0.84201120 0.18990027 -0.85761692 0.51428904 0.00000000 -0.09766363 -0.16286169 -0.98180339
-0.03588119 -0.96679509 0.25302133 -0.99931200 0.03708801 0.00000000 -0.00938406 -0.25284725 -0.96746070
-0.04488891 0.93075821 0.36286930 0.99883904 0.04817234 0.00000000 -0.01748026 0.36244803 -0.93184004
-0.63643300 0.75382356 -0.16341077 0.76409442 0.64510442 0.00000000 0.10541701 -0.12486126 -0.98655812
0.24631148 -0.33686202 0.90876545 -0.80722776 -0.59024007 0.00000000 0.53638978 -0.73358070 -0.41730728
0.87153083 -0.32387031 -0.36816035 -0.34833667 -0.93736949 0.00000000 -0.34510228 0.12824375 -0.92976231
0.14983028 -0.71385132 0.68408127 -0.97867514 -0.20541416 0.00000000 0.14051998 -0.66949333 -0.72940580
-0.07558287 0.82160861 0.56501904 0.99579524 0.09160696 0.00000000 -0.05175968 0.56264328 -0.82507786
0.34553081 -0.92501216 0.15799037 -0.93677748 -0.34992565 0.00000000 0.05528488 -0.14800182 -0.98744065
0.38383011 -0.91992027 0.08013202 -0.92288804 -0.38506839 0.00000000 0.03085631 -0.07395289 -0.99678426
-0.99194215 -0.07170016 0.10445023 -0.07209450 0.99739781 0.00000000 -0.10417843 -0.00753029 -0.99453012
0.26513970 -0.37815958 0.88695900 -0.81879632 -0.57408413 0.00000000 0.50918909 -0.72623877 -0.46184816
0.90329825 -0.06395588 0.42421918 -0.07062581 -0.99750288 0.00000000 0.42315985 -0.02996082 -0.90555954
0.01048297 0.93474716 0.35515892 0.99993712 -0.01121406 0.00000000 0.00398277 0.35513659 -0.93480594
0.52604166 0.39781125 0.75168237 0.60317816 -0.79760649 0.00000000 0.59954673 0.45339838 -0.65952530
0.87153083 -0.32387031 -0.36816035 -0.34833667 -0.93736949 0.00000000 -0.34510228 0.12824375 -0.92976231
0.73796145 0.29095057 -0.60890120 0.36678476 -0.93030583 0.00000000 -0.56646433 -0.22333568 -0.79324607
-0.52969015 0.60114017 0.59838017 0.75028824 0.66111085 0.00000000 -0.39559563 0.44895761 -0.80121231
-0.86171189 0.50175110 0.07548817 0.50318684 0.86417765 0.00000000 -0.06523518 0.03798465 -0.99714670
0.28469852 0.70095636 0.65391661 0.92649653 -0.37630330 0.00000000 0.24607098 0.60585147 -0.75656663
-0.96355881 0.12011985 0.23900971 0.12370518 0.99231902 0.00000000 -0.23717388 0.02956674 -0.97101718
-0.16337939 0.28725892 0.94381645 0.86924320 0.49438472 0.00000000 -0.46660843 0.82040603 -0.33047014
-0.59109732 0.67064696 0.44814797 0.75019846 0.66121272 0.00000000 -0.29632114 0.33619992 -0.89395939
-0.25199899 -0.82866668 0.49980800 -0.95673943 0.29094614 0.00000000 -0.14541721 -0.47818602 -0.86613623
-0.18234991 -0.31758984 0.93052953 -0.86721794 0.49792875 0.00000000 -0.46333741 -0.80697190 -0.36621687
-0.72482061 0.61608052 0.30835026 0.64763805 0.76194814 0.00000000 -0.23494691 0.19969936 -0.95127289
0.38730005 -0.58714008 0.71082009 -0.83474821 -0.55063184 0.00000000 0.39140018 -0.59335580 -0.70337387
-0.09215237 -0.87032349 0.48378194 -0.99444110 0.10529430 0.00000000 -0.05093948 -0.48109265 -0.87518857
-0.57996260 0.80380360 -0.13245059 0.81094837 0.58511771 0.00000000 0.07749919 -0.10741059 -0.99118961
-0.78484698 0.51410802 0.34598867 0.54795014 0.83651099 0.00000000 -0.28942333 0.18958454 -0.93823869
0.14679980 0.43807940 0.88686879 0.94817996 -0.31773379 0.00000000 0.28178818 0.84091122 -0.46202137
-0.02995203 -0.05706805 0.99792090 -0.88545345 0.46472808 0.00000000 -0.46376186 -0.88361250 -0.06445065
-0.19357051 -0.82397216 -0.53254140 -0.97349753 0.22869754 0.00000000 0.12179091 0.51842773 -0.84640396
0.25274005 -0.77420014 0.58029011 -0.95062719 -0.31033521 0.00000000 0.18008445 -0.55163956 -0.81440984
-0.95669674 -0.22208924 -0.18816936 -0.22612867 0.97409744 0.00000000 0.18329529 0.04255049 -0.98213660
0.85162771 0.51132863 0.11520969 0.51475629 -0.85733655 0.00000000 0.09877348 0.05930491 -0.99334119
-0.43353147 0.89186303 -0.12896044 0.89937303 0.43718206 0.00000000 0.05637919 -0.11598354 -0.99164974
0.20656023 -0.74622083 0.63284070 -0.96375843 -0.26677648 0.00000000 0.16882701 -0.60990556 -0.77428202
-0.86680080 -0.44775041 0.21949020 -0.45894184 0.88846631 0.00000000 -0.19500965 -0.10073324 -0.97561470
0.25256997 -0.84813990 0.46568994 -0.95840653 -0.28540658 0.00000000 0.13291098 -0.44632028 -0.88494795
0.25399924 0.63058812 0.73337781 0.92757924 -0.37362649 0.00000000 0.27400938 0.68026603 -0.67982129
-0.05362494 0.07300492 0.99588887 0.80594147 0.59199522 0.00000000 -0.58956146 0.80262814 -0.09058340
0.00465958 -0.99920642 0.03955786 -0.99998913 -0.00466323 0.00000000 0.00018447 -0.03955743 -0.99921728
0.51552121 0.83785197 0.17956042 0.85169461 -0.52403844 0.00000000 0.09409656 0.15293065 -0.98374695
-0.26665930 -0.59245845 0.76018801 -0.91189098 0.41043251 0.00000000 -0.31200588 -0.69320858 -0.64970316
-0.37918008 -0.64265014 0.66575015 -0.86125958 0.50816526 0.00000000 -0.33831110 -0.57338369 -0.74617474
0.48077106 -0.05448212 0.87515192 -0.11260167 -0.99364021 0.00000000 0.86958614 -0.09854357 -0.48384823
-0.01154296 0.17552938 0.98440652 0.99784474 0.06561911 0.00000000 -0.06459588 0.98228487 -0.17590851
-0.59959885 0.79009849 -0.12737976 0.79658747 0.60452328 0.00000000 0.07700403 -0.10146912 -0.99185402
-0.67254932 0.73337925 -0.09915790 0.73701146 0.67588025 0.00000000 0.06701887 -0.07308051 -0.99507171
0.51736208 0.20971084 0.82967333 0.37565812 -0.92675832 0.00000000 0.76890666 0.31167353 -0.55824919
0.33426018 0.88286047 0.32989017 0.93521441 -0.35408192 0.00000000 0.11680815 0.30851804 -0.94401932
0.37240935 -0.79900861 0.47211918 -0.90638358 -0.42245568 0.00000000 0.19944943 -0.42792107 -0.88153473
-0.43422747 0.89515479 0.10071941 0.89973004 0.43644686 0.00000000 -0.04395867 0.09062028 -0.99491487
-0.81438094 0.58022067 0.01129901 0.58025771 0.81443293 0.00000000 -0.00920229 0.00655634 -0.99993616
0.00964845 0.94308500 -0.33241176 0.99994767 -0.01023020 0.00000000 -0.00340064 -0.33239437 -0.94313436
-0.07412201 -0.80782009 0.58475006 -0.99581685 0.09137176 0.00000000 -0.05342964 -0.58230397 -0.81121351
0.01923501 0.71496036 0.69890035 0.99963829 -0.02689387 0.00000000 0.01879614 0.69864755 -0.71521906
0.23694080 -0.40743138 0.88196299 -0.86444994 -0.50271892 0.00000000 0.44337948 -0.76241285 -0.47131866
-0.08063601 0.99674015 0.00262680 0.99674359 0.08063629 0.00000000 -0.00021182 0.00261825 -0.99999655
-0.17273035 0.88340177 -0.43562087 0.98141549 0.19189484 0.00000000 0.08359340 -0.42752507 -0.90013024
0.15420043 -0.98776274 -0.02338806 -0.98803300 -0.15424262 0.00000000 -0.00360744 0.02310818 -0.99972646
-0.05374899 0.99411977 0.09400498 0.99854158 0.05398806 0.00000000 -0.00507515 0.09386788 -0.99557173
-0.03751812 0.95316305 0.30012096 0.99922623 0.03933125 0.00000000 -0.01180413 0.29988873 -0.95390115
0.23420938 0.74998802 0.61859837 0.95453861 -0.29808729 0.00000000 0.18439631 0.59047603 -0.78570736
-0.07990282 -0.99062777 -0.11077975 -0.99676287 0.08039767 0.00000000 0.00890643 0.11042114 -0.99384498
0.14732083 -0.84320474 0.51701290 -0.98507804 -0.17210827 0.00000000 0.08898220 -0.50929806 -0.85597760
-0.00380622 -0.17357071 0.98481405 -0.99975965 0.02192363 0.00000000 -0.02159070 -0.98457735 -0.17361244
-0.13943004 -0.99021026 -0.00655030 -0.99023150 0.13943303 0.00000000 0.00091333 0.00648632 -0.99997855
-0.60975916 0.51146930 0.60546917 0.64265533 0.76615542 0.00000000 -0.46388349 0.38910799 -0.79586876
-0.48471850 0.86061733 0.15615952 0.87130665 0.49073895 0.00000000 -0.07663356 0.13606282 -0.98773185
-0.16377047 0.45707132 0.87422253 0.94139519 0.33730564 0.00000000 -0.29488019 0.82298889 -0.48552545
-0.95656960 -0.21629991 -0.19541992 -0.22055223 0.97537517 0.00000000 0.19060774 0.04310030 -0.98071966
-0.18283896 -0.47397732 0.86134512 -0.93298901 0.35990487 0.00000000 -0.31000230 -0.80362553 -0.50802026
-0.56336805 0.75206740 -0.34206882 0.80034849 0.59953506 0.00000000 0.20508225 -0.27377426 -0.93967490
-0.54462102 0.79942150 0.25360048 0.82643856 0.56302691 0.00000000 -0.14278389 0.20958521 -0.96730905
0.42909031 -0.90267065 -0.03266802 -0.90315270 -0.42931946 0.00000000 -0.01402502 0.02950421 -0.99946626
-0.94018563 -0.33718843 -0.04852777 -0.33758616 0.94129463 0.00000000 0.04567893 0.01638231 -0.99882183
-0.55662094 -0.08045714 0.82686140 -0.14305888 0.98971418 0.00000000 -0.81835645 -0.11828987 -0.56240575
-0.33792985 0.50033978 0.79715965 0.82869465 0.55970097 0.00000000 -0.44617103 0.66060194 -0.60376857
-0.92820338 0.32050117 -0.18899069 0.32638295 0.94523762 0.00000000 0.17864111 -0.06168334 -0.98197888
0.75694334 -0.59485263 0.27053119 -0.61789311 -0.78626211 0.00000000 0.21270843 -0.16715936 -0.96271121
-0.14045954 0.22561926 -0.96403686 0.84893131 0.52850320 0.00000000 0.50949656 -0.81840107 -0.26576858
0.87433119 -0.22071030 -0.43224059 -0.24475549 -0.96958483 0.00000000 -0.41909392 0.10579326 -0.90175832
-0.13000051 -0.00015378 0.99151391 -0.00118292 0.99999930 0.00000000 -0.99151322 -0.00117288 -0.13000060
-0.27747959 0.95379860 0.11520983 0.96019235 0.27933967 0.00000000 -0.03218268 0.11062360 -0.99334118
0.33834997 -0.54553995 0.76674993 -0.84982231 -0.52706929 0.00000000 0.40413034 -0.65160120 -0.64194590
-0.94095599 -0.09444160 -0.32508861 -0.09986596 0.99500090 0.00000000 0.32346346 0.03246529 -0.94568356
0.18536060 -0.18022058 0.96600310 -0.69709607 -0.71697773 0.00000000 0.69260272 -0.67339696 -0.25853048
-0.50901158 0.66797207 0.54288168 0.79538552 0.60610384 0.00000000 -0.32904268 0.43180023 -0.83980919
-0.75375317 -0.65610276 0.03722016 -0.65655769 0.75427581 0.00000000 -0.02807426 -0.02443718 -0.99930709
-0.64120842 0.15991960 0.75051815 0.24199084 0.97027854 0.00000000 -0.72821165 0.18161851 -0.66084984
0.22464948 0.59010863 0.77543821 0.93456875 -0.35578260 0.00000000 0.27588742 0.72470031 -0.63142346
-0.69047016 -0.14153003 0.70938016 -0.20080136 0.97963198 0.00000000 -0.69493149 -0.14244450 -0.70482607
0.87153125 -0.16704024 0.46101066 -0.18823671 -0.98212369 0.00000000 0.45276949 -0.08677913 -0.88739460
0.07527123 0.87933272 0.47022145 0.99635630 -0.08528850 0.00000000 0.04010448 0.46850811 -0.88254846
-0.03593002 -0.79204045 0.60941034 -0.99897264 0.04531727 0.00000000 -0.02761681 -0.60878426 -0.79285499
-0.63708206 -0.51304166 0.57525186 -0.62720843 0.77885145 0.00000000 -0.44803575 -0.36080282 -0.81797634
0.40784886 -0.49695861 0.76595786 -0.77300628 -0.63439837 0.00000000 0.48592242 -0.59209024 -0.64289078
-0.35123958 0.51398939 0.78258907 0.82563454 0.56420529 0.00000000 -0.44154089 0.64613257 -0.62253863
-0.20579917 0.49878799 0.84193660 0.92440650 0.38140873 0.00000000 -0.32112197 0.77829167 -0.53957646
-0.06197983 -0.85301765 0.51818857 -0.99737071 0.07246845 0.00000000 -0.03755232 -0.51682610 -0.85526639
0.24329146 0.51666311 0.82089494 0.90471351 -0.42602050 0.00000000 0.34971807 0.74267474 -0.57107924
-0.83457959 0.50006975 0.23109989 0.51398326 0.85780021 0.00000000 -0.19823753 0.11878147 -0.97293003
-0.49031772 0.49027772 0.72056665 0.70707794 0.70713562 0.00000000 -0.50953835 0.50949678 -0.69338568
-0.74275814 0.64933837 0.16330959 0.65817445 0.75286545 0.00000000 -0.12295015 0.10748620 -0.98657487
0.65406066 0.46824047 0.59410060 0.58210574 -0.81311310 0.00000000 0.48307098 0.34582937 -0.80439075
-0.33781098 0.55542161 0.75986221 0.85438415 0.51964191 0.00000000 -0.39485625 0.64921423 -0.65008417
-0.88481919 0.01312799 -0.46574957 0.01483528 0.99988995 0.00000000 0.46569832 -0.00690953 -0.88491657
0.70721685 0.61132727 0.35513842 0.65395624 -0.75653237 0.00000000 0.26867371 0.23224499 -0.93481373
-0.99129570 0.13045943 -0.01769692 0.13047987 0.99145096 0.00000000 0.01754563 -0.00230909 -0.99984340
0.41093979 -0.54458972 0.73112962 -0.79823941 -0.60234030 0.00000000 0.44038884 -0.58361648 -0.68223857
-0.44617149 0.49060164 0.74849250 0.73981246 0.67281314 0.00000000 -0.50359559 0.55374408 -0.66314325
0.03826486 -0.41407843 0.90943656 -0.99575738 -0.09201762 0.00000000 0.08368419 -0.90557816 -0.41584270
0.10508030 -0.37391106 0.92149262 -0.96270607 -0.27054947 0.00000000 0.24930934 -0.88712654 -0.38839587
-0.09785989 0.09538189 0.99061887 0.69798195 0.71611535 0.00000000 -0.70939737 0.69143409 -0.13665381
-0.95669674 -0.22208924 -0.18816936 -0.22612867 0.97409744 0.00000000 0.18329529 0.04255049 -0.98213660
0.22251044 -0.96083191 -0.16520033 -0.97421763 -0.22561032 0.00000000 -0.03727090 0.16094107 -0.98626003
-0.61599970 -0.25485988 0.74537964 -0.38230498 0.92403620 0.00000000 -0.68875777 -0.28496235 -0.66664023
0.65418842 -0.04387089 0.75505818 -0.06691127 -0.99775893 0.00000000 0.75336604 -0.05052190 -0.65565780
-0.42385000 -0.38115000 0.82163000 -0.66865937 0.74356886 0.00000000 -0.61093848 -0.54939059 -0.57002118
0.18014999 0.07675499 0.98063992 0.39196773 -0.91997897 0.00000000 0.90216810 0.38437920 -0.19581968
-0.98382531 0.14372932 -0.10690949 0.14455781 0.98949636 0.00000000 0.10578655 -0.01545460 -0.99426876
0.24476982 -0.40330970 0.88171935 -0.85487851 -0.51882823 0.00000000 0.45746089 -0.75376293 -0.47177429
-0.07070895 -0.95556936 -0.28615981 -0.99727344 0.07379492 0.00000000 0.02111714 0.28537958 -0.95818191
0.01031102 -0.99490178 0.10032018 -0.99994630 -0.01036330 0.00000000 0.00103965 -0.10031479 -0.99495521
-0.10074028 0.99167274 0.08022822 0.99487972 0.10106606 0.00000000 -0.00810835 0.07981743 -0.99677652
0.03308785 -0.94057564 0.33796843 -0.99938182 -0.03515655 0.00000000 0.01188180 -0.33775951 -0.94115745
-0.20930035 0.96105162 0.18048030 0.97709692 0.21279474 0.00000000 -0.03840526 0.17634675 -0.98357860
0.09572672 -0.92416728 0.36979891 -0.99467821 -0.10303035 0.00000000 0.03810051 -0.36783092 -0.92911182
-0.19693931 0.97052658 0.13889951 0.98002648 0.19886703 0.00000000 -0.02762253 0.13612520 -0.99030648
-0.01319300 -0.60372985 0.79707980 -0.99976132 0.02184727 0.00000000 -0.01741402 -0.79688956 -0.60387398
0.08981913 -0.68227098 0.72556105 -0.99144553 -0.13052112 0.00000000 0.09470104 -0.71935425 -0.68815781
0.08981913 -0.68227098 0.72556105 -0.99144553 -0.13052112 0.00000000 0.09470104 -0.71935425 -0.68815781
0.25828979 -0.95730923 0.12978990 -0.96547569 -0.26049317 0.00000000 0.03380938 -0.12530899 -0.99154152
0.31227064 -0.61616126 0.72307147 -0.89198776 -0.45205956 0.00000000 0.32687137 -0.64497090 -0.69077322
0.31227064 -0.61616126 0.72307147 -0.89198776 -0.45205956 0.00000000 0.32687137 -0.64497090 -0.69077322
-0.14280019 0.98700129 0.07373310 0.98969523 0.14318995 0.00000000 -0.01055784 0.07297329 -0.99727801
0.12164013 -0.98302104 0.13738015 -0.99243088 -0.12280451 0.00000000 0.01687090 -0.13634030 -0.99051840
-0.10074028 0.99167274 0.08022822 0.99487972 0.10106606 0.00000000 -0.00810835 0.07981743 -0.99677652
-0.18269058 0.93165298 0.31408100 0.98131106 0.19242818 0.00000000 -0.06043804 0.30821116 -0.94939619
0.17026021 -0.42666053 0.88824110 -0.92877964 -0.37063240 0.00000000 0.32921093 -0.82498025 -0.45937756
0.71312317 -0.57141254 0.40613181 -0.62530474 -0.78038067 0.00000000 0.31693741 -0.25395614 -0.91381451
0.15183024 -0.81778127 0.55514086 -0.98319811 -0.18254172 0.00000000 0.10133637 -0.54581344 -0.83175635
-0.39988032 0.20681017 0.89293073 0.45938001 0.88823983 0.00000000 -0.79313664 0.41019453 -0.45019409
0.08572908 -0.06820906 0.99398091 -0.62261009 -0.78253222 0.00000000 0.77782209 -0.61886254 -0.10955342
-0.38468116 -0.92071278 -0.06563820 -0.92270260 0.38551253 0.00000000 0.02530435 0.06056454 -0.99784349
0.26454012 -0.80782038 0.52673025 -0.95034059 -0.31121178 0.00000000 0.16392466 -0.50057313 -0.85003250
-0.45962907 0.23618952 0.85612827 0.45705547 0.88943819 0.00000000 -0.76147318 0.39129811 -0.51676337
0.62536167 -0.04402612 0.77909209 -0.07022723 -0.99753102 0.00000000 0.77716852 -0.05471348 -0.62690950
0.27830069 0.96049238 -0.00176730 0.96049388 -0.27830112 0.00000000 -0.00049184 -0.00169749 -0.99999844
0.42273766 -0.37172794 0.82650542 -0.66034633 -0.75096120 0.00000000 0.62067350 -0.54577982 -0.56292876
-0.64487808 0.60307821 0.46949860 0.68303944 0.73038149 0.00000000 -0.34291309 0.32068606 -0.88293321
-0.92270447 -0.16877899 -0.34659792 -0.17993231 0.98367899 0.00000000 0.34094110 0.06236416 -0.93801380
-0.81000154 0.53286101 -0.24486047 0.54959150 0.83543353 0.00000000 0.20456464 -0.13457323 -0.96955833
0.19694915 0.51285779 0.83557640 0.93353079 -0.35849723 0.00000000 0.29955182 0.78003630 -0.54937426
0.19375934 -0.88254698 0.42844853 -0.97673750 -0.21443846 0.00000000 0.09187584 -0.41848175 -0.90356619
0.46722784 -0.31919852 0.82450619 -0.56410155 -0.82570542 0.00000000 0.68079922 -0.46510522 -0.56585294
0.20360909 0.72691675 -0.65584707 0.96293911 -0.26971886 0.00000000 -0.17689432 -0.63154079 -0.75489378
0.29305104 -0.37116132 0.88111314 -0.78485299 -0.61968200 0.00000000 0.54600995 -0.69154428 -0.47290553
-0.47911181 -0.00732353 0.87772332 -0.01528385 0.99988320 0.00000000 -0.87762080 -0.01341499 -0.47916778
-0.68746189 0.67945186 0.25640070 0.70295111 0.71123817 0.00000000 -0.18236197 0.18023716 -0.96657058
-0.50768074 0.33775049 0.79258115 0.55390140 0.83258227 0.00000000 -0.65988901 0.43901181 -0.60976645
-0.55931139 0.37805094 0.73773183 0.55999758 0.82849424 0.00000000 -0.61120657 0.41312804 -0.67509388
0.35308103 -0.91598268 0.19055056 -0.93307913 -0.35967115 0.00000000 0.06853554 -0.17779875 -0.98167738
-0.15318961 -0.17003956 0.97345749 -0.74295947 0.66933640 0.00000000 -0.65157054 -0.72323947 -0.22886788
0.02964711 -0.71187261 0.70168257 -0.99913390 -0.04161058 0.00000000 0.02919742 -0.70107485 -0.71248970
-0.54472993 0.79942990 0.25333997 0.82638893 0.56309976 0.00000000 -0.14265568 0.20935734 -0.96737731
-0.06010689 0.89464838 0.44270920 0.99775070 0.06703381 0.00000000 -0.02967649 0.44171342 -0.89666525
0.20325098 -0.53330257 0.82114396 -0.93443637 -0.35613012 0.00000000 0.29243410 -0.76730679 -0.57072112
0.40077087 0.07075615 0.91344199 0.17386131 -0.98477015 0.00000000 0.89953041 0.15881222 -0.40696895
-0.11180949 -0.09596156 0.98908545 -0.65127973 0.75883774 0.00000000 -0.75055536 -0.64417130 -0.14734307
-0.24217036 -0.18278027 0.95286142 -0.60242830 0.79817300 0.00000000 -0.76054826 -0.57403069 -0.30340585
0.20509971 0.70115902 0.68286905 0.95978078 -0.28075052 0.00000000 0.19171584 0.65540459 -0.73054080
0.20305997 0.61607992 0.76105990 0.94974163 -0.31303489 0.00000000 0.23823830 0.72281027 -0.64868160
-0.75418009 -0.42949005 -0.49674006 -0.49486158 0.86897182 0.00000000 0.43165311 0.24581757 -0.86789937
-0.42299871 -0.37824885 0.82340749 -0.66657590 0.74543716 0.00000000 -0.61379855 -0.54886359 -0.56745053
0.03956003 0.98454069 0.17063012 0.99919371 -0.04014880 0.00000000 0.00685060 0.17049254 -0.98533515
0.63548666 -0.02026189 0.77184594 -0.03186786 -0.99949209 0.00000000 0.77145392 -0.02459708 -0.63580959
-0.38172928 0.73085862 0.56579893 0.88637997 0.46295847 0.00000000 -0.26194141 0.50151284 -0.82454325
-0.47323814 0.10785958 0.87430657 0.22221947 0.97499667 0.00000000 -0.85244599 0.19428794 -0.48537411
-0.64856222 0.55141189 0.52470180 0.64773980 0.76186164 0.00000000 -0.39975017 0.33987024 -0.85128610
-0.38618949 0.72903903 0.56511925 0.88367379 0.46810323 0.00000000 -0.26453415 0.49938107 -0.82500923
0.25610022 -0.19254017 0.94728082 -0.60092842 -0.79930284 0.00000000 0.75716425 -0.56924797 -0.32040449
0.19018968 -0.29540950 0.93624842 -0.84081115 -0.54132857 0.00000000 0.50681802 -0.78720811 -0.35133871
-0.31562112 0.11612041 0.94175334 0.34528367 0.93849837 0.00000000 -0.88383398 0.32517205 -0.33630439
0.14612966 -0.31510928 0.93773784 -0.90719699 -0.42070609 0.00000000 0.39451202 -0.85071295 -0.34734383
-0.64122875 0.32584936 0.69472864 0.45302666 0.89149697 0.00000000 -0.61934848 0.31473060 -0.71927193
-0.41329788 0.91045534 -0.01599792 0.91057187 0.41335078 0.00000000 0.00661275 -0.01456725 -0.99987203
-0.73030905 0.53992930 -0.41847945 0.59448765 0.80410474 0.00000000 0.33650131 -0.24878087 -0.90822626
-0.64122875 0.32584936 0.69472864 0.45302666 0.89149697 0.00000000 -0.61934848 0.31473060 -0.71927193
-0.80125473 -0.58925613 -0.10376932 -0.59245456 0.80560387 0.00000000 0.08359696 0.06147861 -0.99460139
-0.05001798 -0.90316968 -0.42635985 -0.99847002 0.05529576 0.00000000 0.02357589 0.42570753 -0.90455363
0.54413164 -0.69452209 0.47070142 -0.78717890 -0.61672472 0.00000000 0.29029320 -0.37052622 -0.88229257
0.53520041 0.75423057 0.38039029 0.81553776 -0.57870386 0.00000000 0.22013333 0.31022264 -0.92482605
0.42545099 0.88552207 0.18666044 0.90136400 -0.43306228 0.00000000 0.08083559 0.16824900 -0.98242449
-0.70800256 0.70011253 0.09260033 0.70313364 0.71105772 0.00000000 -0.06584418 0.06511041 -0.99570336
0.29579964 0.65065920 0.69938914 0.91034252 -0.41385565 0.00000000 0.28944615 0.63668367 -0.71474109
-0.07724383 -0.64176860 0.76299833 -0.99283439 0.11949842 0.00000000 -0.09117709 -0.75753099 -0.64640045
0.44715856 0.76784753 0.45875853 0.86414726 -0.50323903 0.00000000 0.23086519 0.39643492 -0.88856098
-0.44229801 0.71032680 0.54754754 0.84888669 0.52857486 0.00000000 -0.28941986 0.46480582 -0.83677458
0.27542086 0.35661112 0.89273280 0.79143775 -0.61124978 0.00000000 0.54568273 0.70654244 -0.45058644
-0.23097090 0.91651357 0.32658127 0.96968208 0.24436992 0.00000000 -0.07980664 0.31668001 -0.94516912
0.32227054 0.83333140 0.44911076 0.93268461 -0.36069297 0.00000000 0.16199109 0.41887869 -0.89347609
0.32227054 0.83333140 0.44911076 0.93268461 -0.36069297 0.00000000 0.16199109 0.41887869 -0.89347609
-0.12926999 -0.97873995 0.15923999 -0.99139019 0.13094081 0.00000000 -0.02085101 -0.15786897 -0.98723990
-0.44373034 0.73784056 0.50862039 0.85696675 0.51537170 0.00000000 -0.26212855 0.43587076 -0.86099088
-0.71398953 -0.09428094 -0.69377954 -0.13091167 0.99139404 0.00000000 0.68780890 0.09082384 -0.72018744
-0.26219959 0.93692854 0.23111964 0.96300148 0.26949611 0.00000000 -0.06228584 0.22256855 -0.97292534
-0.35089899 0.92675733 0.13412961 0.93520806 0.35409870 0.00000000 -0.04749512 0.12543910 -0.99096380
0.47763946 0.87633900 0.06237393 0.87804869 -0.47857130 0.00000000 0.02985037 0.05476735 -0.99805285
-0.85895365 0.51165218 -0.02026509 0.51175727 0.85913008 0.00000000 0.01741035 -0.01037081 -0.99979464
-0.05775904 0.21145014 0.97568065 0.96465857 0.26350302 0.00000000 -0.25709480 0.94119870 -0.21919687
-0.00796209 -0.50337933 0.86402885 -0.99987493 0.01581530 0.00000000 -0.01366487 -0.86392079 -0.50344230
0.26982887 0.80714663 0.52507781 0.94840799 -0.31705250 0.00000000 0.16647723 0.49798799 -0.85105423
0.49396923 -0.67333895 0.55009914 -0.80629801 -0.59150953 0.00000000 0.32538888 -0.44354384 -0.83509936
0.50451128 0.76249193 0.40506102 0.83397195 -0.55180683 0.00000000 0.22351544 0.33780953 -0.91428965
-0.02312195 0.77587837 0.63045867 0.99955625 0.02978778 0.00000000 -0.01877996 0.63017890 -0.77622282
0.43466193 -0.72365321 -0.53609238 -0.85724719 -0.51490509 0.00000000 -0.27603669 0.45956369 -0.84415932
-0.35089899 0.92675733 0.13412961 0.93520806 0.35409870 0.00000000 -0.04749512 0.12543910 -0.99096380
-0.19235981 0.38918962 0.90084912 0.89647699 0.44309030 0.00000000 -0.39915751 0.80759051 -0.43413231
-0.91770407 -0.38500171 -0.09794343 -0.38686175 0.92213773 0.00000000 0.09031734 0.03789057 -0.99519198
0.25399924 0.63058812 0.73337781 0.92757924 -0.37362649 0.00000000 0.27400938 0.68026603 -0.67982129
0.09108086 -0.61146907 0.78600881 -0.98908759 -0.14732871 0.00000000 0.11580166 -0.77743156 -0.61821530
0.47590099 0.85254178 0.21608045 0.87316993 -0.48741592 0.00000000 0.10532105 0.18867495 -0.97637556
-0.53865817 0.84049714 0.05841180 0.84193468 0.53957946 0.00000000 -0.03151781 0.04917892 -0.99829257
-0.86733638 0.30780872 -0.39112837 0.33445249 0.94241261 0.00000000 0.36860431 -0.13081386 -0.92033613
0.50292690 -0.85304475 0.13920914 -0.86143251 -0.50787205 0.00000000 0.07070043 -0.11991928 -0.99026300
-0.30840998 -0.00670150 0.95122993 -0.02172406 0.99976400 0.00000000 -0.95100544 -0.02066458 -0.30848278
0.28469852 0.70095636 0.65391661 0.92649653 -0.37630330 0.00000000 0.24607098 0.60585147 -0.75656663
0.07285601 -0.57438009 0.81534012 -0.99205123 -0.12583461 0.00000000 0.10259801 -0.80885918 -0.57898228
0.60886991 0.32802995 0.72226989 0.47429812 -0.88036429 0.00000000 0.63586062 0.34257125 -0.69161131
-0.58832758 -0.78554677 -0.19179921 -0.80040697 0.59945699 0.00000000 0.11497538 0.15351743 -0.98143419
-0.28177086 -0.00967623 -0.95943293 -0.03432054 0.99941088 0.00000000 0.95886771 0.03292826 -0.28193696
-0.26851880 0.96305571 -0.02052691 0.96325867 0.26857539 0.00000000 0.00551302 -0.01977272 -0.99978930
-0.00080354 0.18222921 0.98325575 0.99999028 0.00440944 0.00000000 -0.00433561 0.98324619 -0.18223098
-0.30295027 -0.02946203 0.95255085 -0.09679373 0.99530446 0.00000000 -0.94807811 -0.09220095 -0.30437950
0.13185019 0.97727143 -0.16600024 0.99102114 -0.13370526 0.00000000 -0.02219511 -0.16450975 -0.98612571
0.62130798 -0.67364782 0.40021870 -0.73508660 -0.67797322 0.00000000 0.27133756 -0.29419541 -0.91641966
0.26290959 -0.86181866 0.43375932 -0.95648295 -0.29178823 0.00000000 0.12656587 -0.41488340 -0.90102877
0.39416936 0.83698865 0.37957939 0.90469692 -0.42605573 0.00000000 0.16172197 0.34340430 -0.92515917
-0.31113076 -0.02200505 0.95011232 -0.07054983 0.99750826 0.00000000 -0.94774489 -0.06703026 -0.31190796
-0.24401127 0.76707398 0.59334308 0.95294650 0.30313853 0.00000000 -0.17986515 0.56542421 -0.80494968
-0.62460127 0.67919139 0.38545079 0.73606859 0.67690696 0.00000000 -0.26091432 0.28371822 -0.92272840
-0.37236168 -0.08989140 0.92372416 -0.23466767 0.97207566 0.00000000 -0.89792977 -0.21676819 -0.38305833
