-0.18746929 -0.95572826 -0.22680115 0.11943321 -0.25135995 0.96049669 0.97498255 -0.15297605 -0.16126797
-0.23864674 -0.53113458 -0.81298449 -0.05585089 -0.82828087 0.55752262 0.96949905 -0.17845686 -0.16800219
0.04835496 -0.82847731 0.55793113 0.17935375 0.55670743 0.81111594 0.98259556 -0.06084556 -0.17551008
-0.11175793 -0.97365352 -0.19876868 0.16423001 -0.21536771 0.96262415 0.98007075 -0.07493710 -0.18397218
0.81025168 0.33425803 0.48141850 -0.57477354 0.29260887 0.76420902 -0.11457568 0.89590826 -0.42920951
0.60704511 -0.76007992 -0.23189381 0.27448594 -0.07329875 0.95879339 0.74575713 0.64568243 -0.16413561
-0.33319852 -0.47440631 -0.81481126 0.02945054 -0.86900917 0.49391875 0.94239663 -0.14057637 -0.30352409
-0.54516490 -0.64936054 0.53021329 0.63237995 0.09666786 0.76860323 0.55035519 -0.75431175 -0.35794265
-0.62439255 -0.55885977 0.54571943 0.64015456 0.03421798 0.76748373 0.44758920 -0.82855590 -0.33639118
-0.43673600 0.88205542 -0.17674813 -0.09452474 0.15039299 0.98409706 -0.89460983 -0.44649768 -0.01769402
-0.16201870 0.84016706 0.51756087 0.04231824 -0.51809232 0.85427719 -0.98587986 -0.16031115 -0.04838626
-0.19433854 0.96029348 -0.20017232 -0.12211160 0.17879240 0.97627969 -0.97330431 -0.21417213 -0.08251672
-0.32165488 -0.47462540 -0.81930999 -0.44733107 -0.68646621 0.57328793 0.83452564 -0.55090368 -0.00849052
0.67398277 0.49530410 0.54810681 -0.61757724 -0.02938443 0.78596114 -0.40539558 0.86822256 -0.28608394
0.31485233 -0.93261492 -0.17634462 0.07341327 -0.16130848 0.98416973 0.94629726 0.32281417 -0.01767796
0.20480514 -0.53448316 -0.81998940 0.33506892 -0.74884777 0.57180052 0.91966498 0.39186064 -0.02572082
0.33707837 -0.74360095 0.57743900 -0.22820782 0.53050948 0.81638280 0.91339989 0.40696108 -0.00912772
0.46443874 -0.86778465 -0.17676670 0.09930624 -0.14730974 0.98409253 0.88001985 0.47460473 -0.01776008
0.31028008 -0.48202321 -0.81937775 0.45596553 -0.68084371 0.57319044 0.83415928 0.55145758 -0.00853373
-0.47333372 -0.86368647 -0.17320759 -0.06764373 -0.16041077 0.98472976 0.87828214 -0.47782221 -0.01750485
-0.48740305 -0.28708457 -0.82463369 -0.65221483 -0.50822548 0.56242571 0.58056359 -0.81196633 -0.06046984
-0.53089736 0.22786975 -0.81622507 -0.84294007 -0.04291329 0.53629328 -0.08717811 -0.97274551 -0.21486310
-0.95301300 0.23309847 -0.19347176 -0.23922125 -0.18727710 0.95273316 -0.18584781 -0.95424965 -0.23423962
-0.83991621 0.01304516 0.54255929 0.51874604 -0.27452762 0.80965247 -0.15950956 -0.96149072 -0.22381307
-0.96885272 0.11512559 -0.21924986 -0.23779091 -0.18532468 0.95347273 -0.06913670 -0.97591027 -0.20692814
-0.53668039 -0.17528041 -0.82537927 -0.76960592 -0.29936880 0.56399029 0.34594925 -0.93789930 -0.02576852
0.84690239 0.48984149 -0.20690979 0.07502363 0.27514847 0.95847002 -0.52642929 0.82725367 -0.19627421
0.78848217 0.27223214 0.55153017 -0.59043283 0.08382763 0.80272162 -0.17229316 0.95857321 -0.22683138
-0.18008545 -0.80674838 0.56278441 0.26434935 0.51139753 0.81767475 0.94746433 -0.29602302 -0.12116816
-0.37266321 -0.44357925 -0.81508256 -0.41607389 -0.70524187 0.57403521 0.82946046 -0.55305638 -0.07825595
-0.49413724 -0.85325331 -0.16669486 -0.00431311 -0.18933073 0.98190390 0.86937321 -0.48591426 -0.08987519
-0.62700829 -0.75914777 -0.17480065 -0.04044573 -0.19236115 0.98049035 0.77796192 -0.62184552 -0.08990776
-0.40574359 -0.70469520 0.58204537 0.39599204 0.43840947 0.80683793 0.82374902 -0.55785465 -0.10117186
-0.45702872 -0.35540911 -0.81535828 -0.53155321 -0.62585252 0.57075372 0.71314510 -0.69425715 -0.09711372
-0.72357457 -0.65082938 -0.22991511 -0.08779778 -0.24360462 0.96589251 0.68463961 -0.71908129 -0.11912474
-0.40678487 -0.70770150 0.57765444 0.41323965 0.42138750 0.80725806 0.81471410 -0.56709009 -0.12103626
-0.41339268 -0.41397063 -0.81100852 -0.39199785 -0.72300379 0.56886132 0.82185411 -0.55307670 -0.13660887
0.56747245 -0.65381789 0.50049694 0.06108408 0.63960088 0.76627635 0.82112347 0.40426833 -0.40289374
0.75095264 -0.32702865 0.57369189 -0.51687068 0.24961213 0.81886414 0.41099249 0.91145271 -0.01841537
0.78971593 -0.56864454 -0.23020019 0.19221129 -0.12699649 0.97310159 0.58258353 0.81272091 -0.00900875
0.71693478 -0.42173246 0.55510923 -0.47282625 0.29097476 0.83172654 0.51228885 0.85876390 -0.00920375
-0.69420684 0.45424398 0.55833616 0.29178774 -0.53150705 0.79521077 -0.65797931 -0.71495640 -0.23643301
-0.66734564 0.72280636 -0.17944573 -0.27687403 -0.01711038 0.96075388 -0.69136862 -0.69083877 -0.21154484
-0.37712017 0.41392076 -0.82852277 -0.78036702 0.33978246 0.52495257 -0.49880627 -0.84452205 -0.19487129
-0.75222747 0.34656564 0.56039815 0.37476137 -0.47450428 0.79649206 -0.54194811 -0.80915879 -0.22705574
-0.87533162 0.43282430 -0.21554044 -0.28830902 -0.10934715 0.95127341 -0.38816552 -0.89482195 -0.22050217
-0.80891247 0.27679321 0.51869657 0.38019177 -0.42668521 0.82060584 -0.44845828 -0.86100247 -0.23991648
-0.72400351 -0.46008102 0.51394977 0.64089897 -0.17314083 0.74784408 0.25508318 -0.87083162 -0.42022002
-0.79690265 -0.30772440 0.51985753 0.60276336 -0.34764994 0.71820321 0.04028021 -0.88568912 -0.46252815
-0.54526316 -0.25167968 -0.79959078 -0.41513195 -0.74760874 0.51840779 0.72825377 -0.61460435 -0.30316323
-0.74810516 -0.63168027 -0.20327005 0.05093406 -0.36008105 0.93152958 0.66162255 -0.68652871 -0.30155253
-0.44872268 -0.87667056 -0.17348397 0.20550653 -0.29014693 0.93465599 0.86972123 -0.38374925 -0.31035703
-0.49355061 -0.36423034 -0.78977468 -0.28029708 -0.79301461 0.54088943 0.82331121 -0.48832784 -0.28930014
0.78443263 -0.60427132 0.13971982 0.54010185 0.77629109 0.32505712 0.30488594 0.17952248 -0.93531612
0.90359739 0.40501864 0.13954086 -0.42837036 0.85676440 0.28714735 0.00325361 0.31924076 -0.94766806
-0.20575108 -0.79277023 0.57374372 0.17571351 0.54683113 0.81859665 0.96269998 -0.26924167 -0.02678934
-0.05079057 -0.97384390 -0.22146867 0.01545172 -0.22249459 0.97481147 0.99858979 -0.04608916 -0.02634819
-0.43107052 0.70221637 0.56663073 0.24678803 -0.51227428 0.82259998 -0.86791352 -0.49443628 -0.04752774
-0.40300600 0.89900953 -0.17137101 -0.11943097 0.13398804 0.98375985 -0.90737115 -0.41692813 -0.05337160
-0.32139363 0.74746889 0.58137457 0.15734102 -0.56326050 0.81116053 -0.93378260 -0.35217590 -0.06342082
-0.16717247 0.84911166 0.50106162 0.06198838 -0.49815577 0.86486893 -0.98397703 -0.17564228 -0.03064287
-0.33630014 -0.92505002 -0.17659185 -0.00974993 -0.18408362 0.98286223 0.94170439 -0.33225846 -0.05288817
0.12086069 -0.81370805 0.56857005 -0.00675709 0.57208110 0.82016923 0.99264648 0.10296810 -0.06364382
-0.16801993 -0.96757940 -0.18857202 -0.01472335 -0.18880701 0.98190383 0.98567364 -0.16775582 -0.01747733
0.78582868 0.58519313 -0.20005570 0.10137662 0.19721775 0.97510407 -0.61007874 0.78654571 -0.09565447
0.94648579 0.25715174 -0.19503237 0.14608678 0.19749798 0.96935711 -0.28779037 0.94597438 -0.14936256
0.37436836 0.42243094 -0.82546983 0.37973200 0.74229787 0.55208467 -0.84596214 0.52014034 -0.11748229
0.47401830 0.68077505 0.55843709 -0.41490210 -0.38670286 0.82360011 -0.77663563 0.62209825 -0.09915077
-0.85774833 0.46553447 -0.21804923 -0.21437057 0.06160673 0.97480761 -0.46723984 -0.88288293 -0.04695382
0.76893842 -0.29564573 0.56685740 -0.46825502 0.34323858 0.81420176 0.43528260 0.89150484 -0.12549174
0.57210504 -0.59514319 0.56435840 -0.26868964 0.51412275 0.81454507 0.77492045 0.61764260 -0.13422340
-0.92619040 -0.30318620 -0.22416393 -0.17334635 -0.18557544 0.96721911 0.33484681 -0.93468705 -0.11932197
-0.97960496 0.09156245 -0.17885870 -0.17977011 -0.00173784 0.98370711 -0.08975980 -0.99579782 -0.01816259
-0.81123973 0.11820377 0.57264122 0.56136603 -0.11653488 0.81932155 -0.16357957 -0.98612752 -0.02818215
0.24254426 -0.79975543 0.54914800 0.04568431 0.57483767 0.81699119 0.96906410 0.17306908 -0.17595985
-0.40232639 0.89221905 -0.20513081 -0.25526797 0.10585038 0.96105877 -0.87918811 -0.43902263 -0.18516854
0.03295227 -0.81904953 0.57277571 0.08919351 0.57321022 0.81453948 0.99546907 -0.02424695 -0.09194248
-0.07817533 -0.97461322 -0.20980395 0.08475934 -0.21618361 0.97266670 0.99332999 -0.05825569 -0.09950780
-0.17690499 -0.54703886 -0.81820114 -0.10463396 -0.81614861 0.56828970 0.97865027 -0.18614491 -0.08714192
-0.06628934 -0.82739647 0.55769239 0.14284782 0.54529497 0.82598299 0.98752227 -0.13441901 -0.08204454
0.55980681 -0.04758884 -0.82725549 0.82576742 0.11485361 0.55219274 -0.06873507 0.99224188 -0.10359315
-0.44841866 0.34146117 -0.82602965 -0.66660254 0.48789765 0.56355739 -0.59545089 -0.80334311 -0.00883647
0.08313453 0.97228847 -0.21850349 0.00820402 0.21858732 0.97578291 -0.99650456 0.08291386 -0.01019548
0.67444446 -0.47677057 0.56375039 -0.32352769 0.49550273 0.80610600 0.66366747 0.72606258 -0.17994059
-0.19736963 0.55524031 -0.80793157 -0.67811393 0.51784245 0.52153686 -0.70795955 -0.65080519 -0.27430981
-0.51609365 0.29968397 -0.80239446 -0.85598560 -0.21391666 0.47066794 0.03059391 -0.92974684 -0.36692619
0.53710038 0.61977240 0.57219346 -0.38354136 -0.42472732 0.82006264 -0.75127839 0.65991581 -0.00958714
0.71157241 0.67987703 -0.17729054 0.11492899 0.13630360 0.98397798 -0.69314936 0.72054740 -0.01885230
-0.98283111 -0.10609305 -0.15095453 -0.08658802 -0.45724655 0.88511474 0.16292797 -0.88298916 -0.44020975
-0.72966032 -0.46233433 0.50382813 0.60781797 -0.10094028 0.78763467 0.31329400 -0.88094156 -0.35466723
-0.54887289 0.22925674 -0.80385315 -0.83590253 -0.15323457 0.52705420 0.00234736 -0.96122865 -0.27574259
-0.87956725 -0.30453650 0.36553929 0.47348942 -0.63550557 0.60986919 -0.04657483 -0.70949996 -0.70316470
-0.83531001 0.48112451 -0.26603832 -0.35157523 -0.09543802 0.93128215 -0.42267250 -0.87144179 -0.24887179
-0.25598018 -0.56000802 -0.78794998 0.03837990 -0.82035261 0.57056864 0.96591984 -0.11581282 -0.23148707
-0.80577241 -0.14317778 0.57465725 0.57466910 0.04548207 0.81712105 0.14313018 -0.98865136 -0.04563165
0.82238564 0.14209181 0.55090087 -0.56643195 0.11384207 0.81620759 -0.05326072 0.98328526 -0.17410743
0.96652960 -0.08598304 -0.24171771 0.25266310 0.15552459 0.95497301 0.04451843 0.98408283 -0.17204387
0.97308093 -0.00840949 -0.23031018 0.22891619 0.15088108 0.96168200 -0.02666220 0.98851615 -0.14874457
0.54164488 -0.16626997 -0.82399947 0.83667647 0.01194754 0.54756711 0.08119920 0.98600789 -0.14558549
0.11948212 -0.82487195 0.55254891 0.19057601 0.56524138 0.80261010 0.97437406 -0.00940501 -0.22473704
0.85743884 -0.20114048 0.47364664 -0.22936328 0.67456649 0.70167838 0.46064207 0.71028344 -0.53226527
0.82269574 -0.35628601 0.44298081 -0.05807375 0.72248540 0.68894287 0.56550788 0.59251592 -0.57369480
-0.01784504 -0.97915279 -0.20233973 0.05042764 -0.20299580 0.97788024 0.99856828 -0.00724680 -0.05299884
0.63283761 0.70227613 0.32607484 -0.69550717 0.33051168 0.63799044 -0.34027391 0.63053173 -0.69759831
0.92362512 0.18756627 0.33426865 -0.37057823 0.65976907 0.65374043 0.09792046 0.72768377 -0.67888726
-0.17789489 -0.53949854 -0.82297918 -0.15598223 -0.81028606 0.56489472 0.97160843 -0.22886201 -0.05999357
-0.60822131 -0.77382405 -0.17681393 -0.09526950 -0.14997680 0.98408876 0.78802954 -0.61538873 -0.01749726
-0.79370955 0.22387742 0.56560061 0.48762068 -0.32171127 0.81162056 -0.36366361 -0.91998954 -0.14617805
-0.93475535 0.31585325 -0.16269348 -0.19536540 -0.07446824 0.97789920 -0.29675714 -0.94588118 -0.13131639
-0.69002798 0.47786317 0.54360663 0.31445681 -0.47854349 0.81982501 -0.65190359 -0.73664300 -0.17994107
-0.68892407 0.49150318 0.53273657 0.32800797 -0.44401609 0.83382281 -0.64637017 -0.74918245 -0.14467641
-0.61775656 -0.76726834 -0.17226762 -0.06594976 -0.16774487 0.98362202 0.78359905 -0.61899996 -0.05302433
0.04403617 -0.97625883 -0.21208376 0.22195852 -0.19742325 0.95486045 0.97406121 0.08912220 -0.20799520
0.28597219 -0.77643878 0.56157166 0.05211700 0.59778144 0.79996323 0.95681959 0.19949980 -0.21141453
0.21101057 -0.95573915 -0.20502978 0.27482876 -0.14328359 0.95075705 0.93805314 0.25696787 -0.23243025
-0.39937634 0.39464554 -0.82749830 -0.66490827 0.49673805 0.55780669 -0.63118581 -0.77298526 -0.06401767
0.36067933 -0.73156719 0.57854979 -0.18447726 0.55209228 0.81311884 0.91426395 0.40000444 -0.06417076
0.44997439 -0.87484068 -0.17937902 0.16391819 -0.11654072 0.97956576 0.87786894 0.47018300 -0.09096196
0.15441505 -0.55692859 -0.81607998 0.37676280 -0.73037984 0.56973246 0.91334866 0.39544385 -0.09704834
0.19353193 -0.54085988 -0.81854504 0.34525324 -0.74340650 0.57284115 0.91833850 0.39346838 -0.04286073
0.02519782 -0.83235212 0.55367411 0.33087918 0.52957701 0.78106796 0.94333665 -0.16351803 -0.28875218
-0.10983563 0.85959074 0.49903896 -0.36444604 -0.50193751 0.78437097 -0.92472440 0.09572089 -0.36840506
-0.33436899 0.79330513 0.50878714 -0.17105059 -0.58197758 0.79501182 -0.92678966 -0.17879896 -0.33029056
-0.72602756 0.66447346 -0.17708474 -0.42219190 -0.22744219 0.87751014 -0.54280566 -0.71186029 -0.44566461
-0.24305191 0.80686181 0.53842344 -0.19551940 -0.58442604 0.78753944 -0.95010417 -0.08614074 -0.29980300
-0.81833560 -0.02858482 0.57402940 0.57424080 -0.08231101 0.81453815 -0.02396552 -0.99619667 -0.08377260
-0.21664095 -0.79185851 0.57098756 0.25733365 0.51787348 0.81583482 0.94172506 -0.32367755 -0.09157924
-0.21150780 0.53361553 -0.81885219 -0.42524176 0.70411003 0.56868138 -0.88001926 -0.46849070 -0.07799084
-0.31663945 -0.92486098 -0.21064574 0.02818957 -0.23114931 0.97250982 0.94812700 -0.30199696 -0.09926242
0.80177331 0.53815480 -0.25990183 0.01967654 0.41088212 0.91147612 -0.59730427 0.73591120 -0.31884529
0.64970106 0.57145373 0.50132739 -0.62989050 0.03547798 0.77587323 -0.42558957 0.81986703 -0.38300336
0.49236594 0.71211629 0.50046595 -0.59345016 -0.14595553 0.79152630 -0.63670455 0.68672219 -0.35074199
0.59459627 0.61375759 0.51938127 -0.58949951 -0.10649727 0.80071759 -0.54675918 0.78227869 -0.29848692
-0.63998002 0.74563919 -0.18560110 -0.19571592 0.07539662 0.97775796 -0.74304835 -0.66207065 -0.09768112
-0.53822936 0.62766221 0.56244939 0.28190486 -0.49484453 0.82198451 -0.79425362 -0.60097341 -0.08939883
-0.24576006 -0.51741645 -0.81968421 -0.31118654 -0.75874446 0.57224975 0.91802229 -0.39571083 -0.02545605
-0.50115307 0.24674143 -0.82943612 -0.77726341 0.29299514 0.55679030 -0.38040398 -0.92372751 -0.04494767
0.62946114 0.75433540 -0.18643168 -0.20186902 0.39044396 0.89822180 -0.75035163 0.52776094 -0.39804625
0.25581708 0.83204372 0.49220003 -0.60113409 -0.26182552 0.75503987 -0.75709671 0.48903031 -0.43319040
0.37309180 0.79214984 0.48301256 -0.66154661 -0.13787859 0.73711978 -0.65050641 0.59454867 -0.47260268
0.27203593 -0.54641372 -0.79210384 0.78023595 -0.35654492 0.51391399 0.56323025 0.75783096 -0.32933860
0.74427710 -0.63417527 -0.20945963 0.38998615 0.15807328 0.90715139 0.54218300 0.75685836 -0.36496989
0.74394177 -0.41729942 0.52193087 -0.19929277 0.60695435 0.76934310 0.63783464 0.67636352 -0.36837394
0.52239776 -0.21464656 -0.82524386 0.78038630 -0.26969119 0.56414881 0.34365360 0.93871908 -0.02662116
0.89496652 0.12637444 0.42786029 -0.42225669 0.54948565 0.72094716 0.14399379 0.82589044 -0.54513372
0.33970215 0.91309055 -0.22553955 -0.16684427 0.29449911 0.94097464 -0.92561625 0.28202113 -0.25238591
0.01040194 0.85192713 0.52355703 -0.30220502 -0.49642300 0.81377904 -0.95318620 0.16668644 -0.25229289
0.15240261 0.96817165 -0.19853739 -0.24767615 0.23188785 0.94068302 -0.95678105 0.09418957 -0.27513334
0.67409952 -0.70310916 -0.22633458 0.23086751 -0.09050894 0.96876639 0.70163383 0.70529826 -0.10131303
0.39685170 -0.72239775 0.56625986 -0.09119728 0.58283488 0.80745685 0.91334100 0.37208198 -0.16541830
0.76991915 0.31598147 0.55441881 -0.54934308 -0.11391672 0.82779537 -0.32472557 0.94190164 -0.08587557
0.78007494 0.26013843 0.56904401 -0.56025604 -0.11449320 0.82036850 -0.27856105 0.95875925 -0.05643085
0.96866764 0.09307487 -0.23026089 0.19011174 0.31870552 0.92859265 -0.15981406 0.94327295 -0.29102510
0.56571318 -0.17126017 -0.80662169 0.80830086 0.30870960 0.50134629 -0.16315121 0.93561121 -0.31307083
0.64617876 -0.53723906 0.54205829 -0.31791154 0.45622006 0.83114109 0.69381933 0.70939231 -0.12400522
0.82569377 -0.20237002 0.52657020 -0.36444310 0.52113601 0.77175028 0.43059381 0.82913427 -0.35654639
0.82876681 -0.50749498 -0.23578470 0.24488651 -0.04994751 0.96826435 0.50316615 0.86020584 -0.08288384
0.32232794 0.78985285 0.52176353 -0.57158090 -0.27697178 0.77238715 -0.75458596 0.54719202 -0.36218905
0.54017542 0.21888885 -0.81258734 0.45569518 0.73568900 0.50110238 -0.70749730 0.64097532 -0.29765452
-0.06428188 -0.57722301 -0.81405248 0.10934355 -0.81490211 0.56919113 0.99192330 0.05242271 -0.11549905
0.80460636 -0.23678057 0.54455814 -0.44806229 0.35971771 0.81843959 0.38967780 0.90251766 -0.18333871
-0.11168981 -0.58011342 -0.80684187 0.15240282 -0.81231628 0.56295261 0.98198715 0.06008891 -0.17913837
-0.58534755 0.03950982 -0.80981925 -0.79305837 -0.23560350 0.56173785 0.16860209 -0.97104581 -0.16924352
0.45670883 -0.32303641 -0.82889355 0.73659825 -0.38514614 0.55595456 0.49883871 0.86447090 -0.06204841
0.68099221 -0.70560100 -0.19590009 0.27274144 -0.00387851 0.96207955 0.67960409 0.70859875 -0.18980540
0.90007774 0.38400230 -0.20591815 0.08057978 0.31773941 0.94474789 -0.42821368 0.86693939 -0.25504735
0.56749620 -0.12199463 -0.81428826 0.80699692 0.27868723 0.52066247 -0.16341372 0.95260209 -0.25660323
0.56368545 -0.02544651 -0.82559747 0.76625177 0.38931533 0.51116709 -0.30841034 0.92075298 -0.23894982
0.54564389 0.15245884 -0.82403219 0.59308311 0.62444698 0.50825033 -0.59205167 0.76604326 -0.25030491
0.14875997 -0.80636717 0.57240061 0.09550981 0.58785115 0.80331121 0.98425015 0.06483068 -0.16446469
0.51984230 -0.27528919 -0.80869021 0.84310297 0.01282031 0.53759931 0.13762762 0.96127598 -0.23876167
0.97960746 -0.02641313 -0.19917722 0.19919264 0.25741626 0.94554702 -0.02629660 0.96593955 -0.25742819
-0.31744865 -0.75861882 0.56896734 0.46512646 0.39830167 0.79057773 0.82636779 -0.51560960 -0.22641336
-0.40784649 -0.71961620 0.56197310 0.49132614 0.34580577 0.79938538 0.76958422 -0.60213860 -0.21253058
-0.52025580 -0.29362246 -0.80194748 -0.46571580 -0.68957818 0.55460862 0.71585103 -0.66201797 -0.22201243
-0.97615773 0.12950959 -0.17419345 -0.18416547 -0.06939987 0.98044211 -0.11488765 -0.98914656 -0.09159641
-0.86267036 0.43701728 -0.25458935 -0.27467845 0.01784311 0.96137057 -0.42467822 -0.89927611 -0.10464650
0.42957786 -0.41267818 -0.80321827 0.81859347 -0.19758806 0.53931780 0.38127102 0.88918821 -0.25293621
-0.53610476 0.18643606 -0.82330631 -0.81624698 0.13420501 0.56189846 -0.21524997 -0.97325773 -0.08022993
-0.79307257 0.23964201 0.56000679 0.51077411 -0.23928087 0.82574480 -0.33188206 -0.94091252 -0.06736416
-0.53835687 0.16802022 -0.82579724 -0.81645061 0.13875601 0.56049547 -0.20875890 -0.97596925 -0.06247996
0.93715381 -0.26502352 -0.22694773 0.32527734 0.42826185 0.84308152 0.12624338 0.86391801 -0.48755337
0.82944088 -0.53113491 -0.17298421 0.37397974 0.29798160 0.87826312 0.41493009 0.79315993 -0.44579182
0.58207050 -0.78482835 -0.21269320 0.34884172 0.00474098 0.93716966 0.73450894 0.61969508 -0.27654046
-0.50632113 -0.64050339 0.57740309 0.50821938 0.31930128 0.79984983 0.69667207 -0.69842831 -0.16384725
0.56613844 -0.02746030 -0.82385266 0.81057336 0.20024543 0.55033862 -0.14986027 0.97936086 -0.13562522
0.59552297 0.56437129 0.57169698 -0.54895191 -0.23368690 0.80252242 -0.58651871 0.79175469 -0.17064677
0.96224403 0.14387626 -0.23105420 0.21112883 0.14122361 0.96720241 -0.17178777 0.97946695 -0.10551515
0.79169850 -0.57606210 -0.20338620 0.24932878 0.00074687 0.96841861 0.55771736 0.81740559 -0.14422015
0.74700259 -0.43279225 0.50465632 -0.14407009 0.63566596 0.75840134 0.64902307 0.63923365 -0.41249170
0.87460019 -0.31379336 0.36960552 -0.00658146 0.75456319 0.65619439 0.48480017 0.57634028 -0.65787588
0.85370303 -0.05115101 0.51824194 -0.42150798 0.51653343 0.74533499 0.30581392 0.85473785 -0.41940560
0.72166359 0.52531693 0.45082567 -0.65510280 0.30780539 0.68999722 -0.22370065 0.79328303 -0.56626853
-0.25556335 -0.94485704 -0.20477437 0.08491008 -0.23292555 0.96878066 0.96305641 -0.23019743 -0.13975512
0.75390351 0.33827343 0.56320563 -0.58848862 -0.03341153 0.80781484 -0.29207986 0.94045455 -0.17388100
-0.68788647 0.44571542 0.57284375 0.46782041 -0.33115847 0.81943770 -0.55493807 -0.83166810 -0.01928466
0.29579650 0.48465885 -0.82317084 0.15784329 0.82508877 0.54250716 -0.94211991 0.29040371 -0.16755823
0.66324710 -0.56597441 0.48966953 -0.00035937 0.65404718 0.75645367 0.74840040 0.50189168 -0.43359150
0.86403865 0.09424479 0.49452516 -0.47699681 0.46735832 0.74434552 0.16096976 0.87903022 -0.44877011
0.64844462 -0.11751519 -0.75213679 0.63400024 0.63026255 0.44812143 -0.42138258 0.76743684 -0.48319501
0.46166484 -0.67424439 0.57642005 -0.27878682 0.50660211 0.81586286 0.84210658 0.53735351 -0.04590994
0.09800736 -0.81940104 0.56478005 -0.05619666 0.56204992 0.82519199 0.99359775 0.11261364 -0.00903743
-0.71187430 -0.67041990 -0.20921791 -0.00068118 -0.29724172 0.95480202 0.70230657 -0.67984154 -0.21114206
-0.54775045 -0.62359261 0.55776492 0.55882962 0.22344521 0.79861235 0.62263866 -0.74913583 -0.22608981
-0.01502309 -0.83247413 0.55386021 0.06411193 0.55198090 0.83138845 0.99782963 -0.04799907 -0.04507907
-0.34049365 -0.75911971 0.55479847 0.51231160 0.34498903 0.78646004 0.78841670 -0.55201434 -0.27143926
-0.77938269 -0.59674185 -0.19094971 0.00118984 -0.30617374 0.95197491 0.62654705 -0.74172556 -0.23933654
-0.13366490 -0.55263334 -0.82263606 -0.17894941 -0.80298093 0.56850570 0.97473627 -0.22319949 -0.00843695
-0.51199502 -0.65218865 0.55902688 0.58286547 0.21427186 0.78380827 0.63097460 -0.72714340 -0.27043212
0.47906892 -0.28939642 -0.82869939 0.81155258 -0.21371669 0.54379003 0.33447777 0.93304603 -0.13247539
0.90481009 -0.35456862 -0.23579609 0.26441981 0.03380415 0.96381505 0.33376768 0.93441874 -0.12434130
0.82639033 -0.13315096 0.54712873 -0.50662111 0.24831157 0.82563697 0.24579275 0.95948537 -0.13774520
0.94082494 -0.26512002 -0.21109192 0.24175186 0.08852534 0.96629152 0.23749625 0.96014303 -0.14738010
0.44663456 -0.36434979 -0.81716999 0.76935483 -0.30984398 0.55865003 0.45673923 0.87820609 -0.14192724
-0.22792573 0.94801542 -0.22207347 -0.22613622 0.17029993 0.95909350 -0.94705452 -0.26882094 -0.17556489
-0.01330271 0.57003817 -0.82151052 -0.33927863 0.77026965 0.53997656 -0.94059186 -0.28590411 -0.18315509
-0.85001285 -0.47988008 -0.21724008 -0.15748594 -0.16203335 0.97413724 0.50266920 -0.86224144 -0.06215606
0.46255879 0.68498836 0.56287682 -0.45502997 -0.36146367 0.81381309 -0.76091201 0.63256222 -0.14449204
0.69596726 0.68995731 -0.19896853 0.03015919 0.24875588 0.96809655 -0.71743989 0.67976424 -0.15231739
0.57482479 0.79234120 -0.20438173 0.00225664 0.24823503 0.96869721 -0.81827341 0.55729238 -0.14090362
0.42511321 0.34616291 -0.83633127 0.45523978 0.71684045 0.52810654 -0.78232698 0.60523633 -0.14715122
-0.23367974 -0.94590895 -0.22505562 0.02620256 -0.23750630 0.97103253 0.97196050 -0.22101359 -0.08028565
-0.32466060 -0.92860880 -0.17966967 -0.04254410 -0.17542986 0.98357225 0.94487327 -0.32697104 -0.01744834
-0.15000989 0.87584901 0.45867805 -0.47983398 -0.47012224 0.74077286 -0.86443992 0.10896606 -0.49078510
-0.59968975 0.76090280 -0.24778847 -0.73593629 -0.40279335 0.54420152 -0.31427691 -0.50870860 -0.80152703
0.46385268 -0.85974043 -0.21374538 0.51007590 0.06191202 0.85789829 0.72433644 0.50696479 -0.46725093
-0.42692604 -0.69493377 0.57862010 0.34926023 0.46349607 0.81436397 0.83411717 -0.54976217 -0.04483419
-0.22341550 0.94934246 -0.22098510 -0.10360540 0.20230242 0.97382732 -0.96920144 -0.24046337 -0.05315951
0.10430988 0.52601539 -0.84405406 0.14608332 0.83137507 0.53616710 -0.98375765 0.17922975 -0.00987856
-0.49851879 0.84526396 -0.19237422 -0.17989380 0.11621242 0.97679726 -0.84800780 -0.52155872 -0.09412367
-0.56910777 0.02741240 -0.82180588 -0.82219984 -0.00658943 0.56916079 -0.01018683 -0.99960249 -0.02628857
-0.98176350 -0.07344757 -0.17534504 -0.17346850 -0.03124338 0.98434371 0.07777602 -0.99680956 -0.01793277
-0.97220664 0.15205709 -0.17802496 -0.19489948 -0.10431544 0.97526021 -0.12972447 -0.98285143 -0.13105201
-0.81641957 -0.04358683 0.57581185 0.57542351 -0.14505980 0.80488846 -0.04844461 -0.98846236 -0.14351055
-0.84174744 0.49248717 -0.22117329 -0.25867096 -0.00832057 0.96592966 -0.47386768 -0.87027993 -0.13439595
-0.75410055 0.38899482 0.52916481 0.39417599 -0.37639433 0.83842268 -0.52531671 -0.84083907 -0.13050675
-0.95455690 -0.21528760 -0.20608829 -0.16746288 -0.18455886 0.96844938 0.24653056 -0.95895218 -0.14011926
-0.79796370 0.19950978 0.56872645 0.51972393 -0.25004214 0.81692470 -0.30519005 -0.94745700 -0.09583455
0.45767204 -0.87249967 -0.17111583 0.12758978 -0.12601453 0.98378920 0.87991883 0.47208544 -0.05364871
0.59235271 -0.78644439 -0.17499566 0.17903464 -0.08328443 0.98031133 0.78553476 0.61202036 -0.09146703
-0.12840364 0.81727938 0.56175343 -0.05471873 -0.57141811 0.81883283 -0.99021127 -0.07440268 -0.11809265
0.30563227 0.92597505 -0.22171856 -0.11568312 0.26724852 0.95665858 -0.94509594 0.26673664 -0.18879945
0.14982893 -0.80252222 0.57750270 0.06742150 0.59102940 0.80382746 0.98641048 0.08150051 -0.14266056
-0.31886734 -0.49949593 -0.80549825 -0.15553474 -0.81076414 0.56433187 0.93495057 -0.30522997 -0.18083723
0.11851219 0.97041633 -0.21034974 -0.12769397 0.22497844 0.96596012 -0.98470763 0.08761765 -0.15057901
0.22697595 0.50355945 -0.83361250 0.08254997 0.84292455 0.53166127 -0.97039550 0.18948900 -0.14975478
0.27989283 0.93551542 -0.21557113 -0.07228910 0.24444584 0.96696459 -0.95730575 0.25506301 -0.13604621
0.06302329 0.84372457 0.53306371 -0.19879128 -0.51280968 0.83516960 -0.97801334 0.15860355 -0.13540613
-0.22166660 0.95065969 -0.21704856 -0.18574077 0.17734697 0.96646180 -0.95726918 -0.25454707 -0.13726436
-0.20641688 0.82038917 0.53324824 -0.02764385 -0.54965702 0.83493292 -0.97807356 -0.15760322 -0.13613720
-0.05505655 0.56425620 -0.82376193 -0.28987225 0.78044895 0.55396166 -0.95548043 -0.26928494 -0.12059339
-0.01080574 0.55033575 -0.83487352 -0.20549409 0.81587938 0.54047481 -0.97859870 -0.17740181 -0.10427457
0.74370466 0.34948176 0.56988233 -0.52535379 -0.22163401 0.82151188 -0.41340872 0.91035206 -0.01877133
0.90453868 0.36059676 -0.22755164 0.20065477 0.11090144 0.97336454 -0.37622791 0.92610520 -0.02795919
0.78128915 0.25337760 0.57042708 -0.54603859 -0.16526980 0.82129638 -0.30237248 0.95314515 -0.00923045
0.95223257 0.24655888 -0.18017174 0.16964473 0.06347482 0.98345900 -0.25391692 0.96704688 -0.01861538
-0.81592867 0.09944716 0.56953549 0.54543764 -0.19426761 0.81532685 -0.19172424 -0.97589464 -0.10426629
0.22859694 -0.94867011 -0.21855997 0.21154243 -0.17073498 0.96234057 0.95025956 0.26622282 -0.16165449
0.24498312 0.51356863 -0.82233237 0.15930990 0.81532638 0.55665362 -0.95634911 0.26737643 -0.11792463
-0.98280155 -0.05817075 -0.17526347 -0.17145853 -0.06501467 0.98304377 0.06857909 -0.99618736 -0.05392265
-0.57011388 0.04503894 -0.82033021 -0.82141141 -0.01189960 0.57021197 -0.01592014 -0.99891436 -0.04377963
-0.80612848 -0.13564028 0.57598488 0.57323250 0.06253533 0.81700296 0.14683792 -0.98878261 -0.02734191
0.27860869 0.48199609 -0.83069667 0.06686392 0.85311098 0.51742717 -0.95807433 0.19970334 -0.20545598
0.12881571 0.97154413 -0.19876751 -0.18380935 0.22035616 0.95794430 -0.97448480 0.08686295 -0.20696423
-0.52106989 -0.82123027 -0.23252317 0.59403072 -0.54455926 0.59210026 0.61287330 -0.17039971 -0.77158944
-0.87275152 0.03079117 0.48719267 0.43571038 -0.40092072 0.80586540 -0.22013917 -0.91559515 -0.33648813
-0.40071232 0.45411622 -0.79574374 -0.84701183 0.14749456 0.51070179 -0.34928584 -0.87864886 -0.32553892
0.03362726 -0.98883850 0.14514694 0.94916000 0.07707851 0.30521171 0.31299280 -0.12750424 -0.94115789
-0.91717662 -0.32914196 -0.22461661 0.16310361 -0.82438799 0.54201628 0.36357154 -0.46048888 -0.80979363
-0.75998081 0.22147938 -0.61104505 -0.41173511 -0.89149805 0.18895882 0.50289499 -0.39519377 -0.76871224
-0.85442224 -0.50038210 0.13992997 0.51891353 -0.80816992 0.27855005 0.02629427 -0.31061091 -0.95017339
-0.81031010 -0.55501465 -0.18803268 0.11794995 -0.46878142 0.87540379 0.57400815 -0.68717008 -0.44532226
-0.81458164 -0.40015667 0.41991831 0.57545886 -0.46661303 0.67165421 0.07282756 -0.78876290 -0.61036811
-0.96821737 0.17308365 -0.18054690 -0.23722326 -0.40678506 0.88218538 -0.07924809 -0.89697713 -0.43491582
-0.97212153 -0.06786053 -0.22444304 -0.19191990 -0.31964085 0.92789896 0.13470888 -0.94510564 -0.29770596
-0.76143461 0.36371282 0.53659138 0.29909392 -0.53727193 0.78859476 -0.57511752 -0.76095457 -0.30031315
-0.94251615 -0.26682426 -0.20116689 -0.07534712 -0.41680789 0.90586643 0.32555509 -0.86895109 -0.37274373
0.84620007 -0.05731896 0.52977352 -0.44262597 0.47795142 0.75871253 0.29669462 0.87651411 -0.37907166
0.49898806 0.24666822 -0.83076212 0.54831667 0.65248799 0.52307575 -0.67108848 0.71652928 -0.19033142
0.69744123 0.66549728 -0.26587422 0.03357144 0.34025250 0.93973464 -0.71585522 0.66433546 -0.21496442
-0.56281180 -0.79938913 -0.21028529 0.01583257 -0.26478133 0.96417850 0.82643343 -0.53932167 -0.16167844
-0.41884382 -0.41451935 -0.80792547 -0.34684811 -0.74923465 0.56421967 0.83920572 -0.51654734 -0.17003705
-0.20337545 -0.79527765 0.57111460 0.34529265 0.48757083 0.80190253 0.91619398 -0.36028896 -0.17544359
-0.43002922 -0.88117511 -0.19648229 0.08527700 -0.25630547 0.96282674 0.89877845 -0.39728822 -0.18536282
0.63174141 0.53613114 0.55988052 -0.58554779 -0.14325338 0.79787985 -0.50797301 0.83189054 -0.22343131
0.45043262 0.72817183 0.51660066 -0.52842988 -0.24895190 0.81165560 -0.71963346 0.63858338 -0.27265169
0.39444151 0.89023306 -0.22781791 -0.22558674 0.33414110 0.91512860 -0.89080105 0.30957201 -0.33262390
-0.09152918 0.83960566 0.53542949 -0.29902795 -0.53604538 0.78945401 -0.94984456 0.08785031 -0.30012936
-0.94170668 0.27775284 -0.18984699 -0.19784724 -0.00079159 0.98023255 -0.27211209 -0.96065224 -0.05569808
-0.80482217 -0.16438876 0.57029608 0.59132108 -0.13952933 0.79427385 0.05099666 -0.97647729 -0.20950284
0.20313706 0.95757194 -0.20442925 -0.35337543 0.26640784 0.89674560 -0.91315998 0.10992199 -0.39249970
0.36690328 -0.73088572 0.57548941 -0.16579793 0.55735127 0.81355431 0.91536497 0.39391069 -0.08331467
-0.05640866 0.97474247 -0.21609067 -0.16668843 0.20420310 0.96463261 -0.98439475 -0.09043345 -0.15095947
-0.02506226 0.83472942 0.55008969 -0.18540084 -0.54459763 0.81794862 -0.98234333 0.08148745 -0.16840838
0.95283886 -0.24026936 -0.18538810 0.18430536 -0.02717476 0.98249329 0.24110091 0.97032581 -0.01838976
0.56149224 -0.10596521 -0.82066914 0.80928032 -0.13654934 0.57133147 0.17260309 0.98494957 -0.00908416
0.29884636 -0.93973613 -0.16609291 0.13757597 -0.12980314 0.98194908 0.94433241 0.31630231 -0.09049392
0.33595133 0.47809054 -0.81152088 0.36330595 0.72914576 0.57996142 -0.86899108 0.48966917 -0.07126435
0.65249068 -0.50795458 0.56235047 -0.40866363 0.38906812 0.82560283 0.63816138 0.76851034 -0.04628076
0.46850994 -0.32534405 -0.82137061 0.69184762 -0.44306111 0.57012605 0.54940450 0.83537303 -0.01750997
0.70362502 -0.42023459 0.57298754 -0.45593442 0.35148642 0.81766809 0.54500975 0.83657647 -0.05571522
0.78724327 -0.57563992 -0.22110340 0.21657581 -0.07760877 0.97317614 0.57735860 0.81401201 -0.06357270
0.71663004 -0.67159378 -0.18815735 0.17488494 -0.08812803 0.98063689 0.67517157 0.73565974 -0.05429645
0.47160558 -0.69309749 0.54516424 -0.08768356 0.57831066 0.81109085 0.87743933 0.43031691 -0.21196128
0.11210406 -0.59093320 -0.79889338 0.50045206 -0.66098435 0.55914884 0.85847564 0.46249069 -0.22163470
0.17444469 -0.80949182 0.56061755 0.20223152 0.58666385 0.78417341 0.96367602 0.02342035 -0.26604516
0.27425351 -0.77764531 0.56573208 0.14066708 0.61440121 0.77635297 0.95131372 0.13333764 -0.27789079
-0.11370662 -0.58329454 -0.80426258 0.21071800 -0.80525466 0.55422275 0.97091129 0.10645380 -0.21447344
0.02029217 -0.60011245 -0.79965823 0.40967575 -0.72460220 0.55418177 0.91200549 0.33884613 -0.23114776
0.80751511 0.14782630 0.57102253 -0.56754506 -0.06895872 0.82044945 -0.16066099 0.98660635 -0.02821288
0.26791533 0.93267384 -0.24153856 0.04768460 0.23755970 0.97020182 -0.96226169 0.27144961 -0.01917170
-0.30518473 -0.75817465 0.57622346 0.30702617 0.49444238 0.81317997 0.90144174 -0.42508579 -0.08188320
0.06960437 0.83191137 0.55052585 -0.15219316 -0.53654842 0.83003195 -0.98589679 0.14156012 -0.08926511
0.69793444 0.69410264 -0.17637754 0.08426717 0.16497795 0.98269086 -0.71118672 0.70071663 -0.05665373
0.94871402 0.21305247 -0.23356016 0.20785160 0.13629878 0.96861776 -0.23820037 0.96748710 -0.08502527
0.27037303 0.93054564 -0.24694783 0.02144837 0.25061550 0.96784908 -0.96251670 0.26697691 -0.04780099
0.11648054 0.85012936 0.51352931 -0.12521486 -0.50035356 0.85671906 -0.98526825 0.16409260 -0.04816737
-0.50956881 0.66755806 0.54286818 0.11975823 -0.56975977 0.81303860 -0.85205493 -0.47931205 -0.21038623
-0.16252460 0.81458196 0.55681414 0.00238334 -0.56399129 0.82577730 -0.98670161 -0.13553620 -0.08972103
0.08216491 0.97735861 -0.19498482 -0.05508107 0.19980064 0.97828717 -0.99509547 0.06964090 -0.07025056
0.49480005 0.23059651 -0.83785331 0.73718689 0.39913644 0.54520234 -0.46013954 0.88742062 -0.02750001
-0.58784467 0.00044370 -0.80897370 -0.75038159 -0.37394309 0.54506333 0.30226828 -0.92745155 -0.22015340
-0.92520585 -0.29613730 -0.23726955 -0.15448522 -0.27716041 0.94832295 0.34659552 -0.91404858 -0.21068160
-0.79220365 -0.31969819 0.51981386 0.57897867 -0.12454314 0.80577460 0.19286543 -0.93929871 -0.28376197
0.37964448 -0.73532319 0.56139993 -0.00752758 0.60435656 0.79667840 0.92510183 0.30668054 -0.22390543
0.37877975 0.39816100 -0.83546018 0.51133514 0.66239579 0.54751091 -0.77140280 0.63458620 -0.04730840
0.30012460 -0.91464962 -0.27081598 0.73097592 0.03812031 0.68133769 0.61286167 0.40244616 -0.68002769
0.19935795 0.51408308 -0.83425116 0.17787982 0.81821186 0.54670662 -0.96364681 0.25738675 -0.07167203
0.62015408 0.68653392 0.37957883 -0.67966735 0.22858999 0.69699276 -0.39174125 0.69023024 -0.60837571
0.67637156 -0.06791271 -0.73342306 0.41487141 0.85788977 0.30316145 -0.60860762 0.50932604 -0.60842728
0.76174631 0.35054677 0.54484816 -0.51775951 -0.17613754 0.83719810 -0.38944530 0.91983288 -0.04732680
0.80551336 0.15963264 0.57067122 -0.56996075 -0.05480830 0.81984193 -0.16215105 0.98565383 -0.04683552
0.60999951 0.55003183 0.57040826 -0.44685155 -0.35569540 0.82085594 -0.65438849 0.75560954 -0.02880855
0.71332185 0.41156025 0.56726546 -0.54624170 -0.18061397 0.81792335 -0.43908081 0.89330664 -0.09597548
-0.96181461 -0.20879171 -0.17697083 -0.15268301 -0.12732993 0.98003826 0.22715755 -0.96963556 -0.09058884
-0.24126524 -0.56298802 -0.79046541 0.13927561 -0.82618227 0.54591681 0.96041313 -0.02161820 -0.27773956
-0.13286482 -0.97212960 -0.19316053 0.24407232 -0.22097811 0.94424434 0.96061212 -0.07831172 -0.26663014
-0.16961168 -0.95619245 -0.23859564 0.31319052 -0.28185090 0.90690229 0.93442152 -0.07909533 -0.34727562
-0.40995606 -0.39622232 -0.82154969 -0.55900693 -0.60258406 0.56956449 0.72072692 -0.69274838 -0.02554196
-0.42102888 -0.38663217 -0.82051828 -0.55198130 -0.60860582 0.57001369 0.71975783 -0.69290297 -0.04282690
-0.73409056 -0.65365380 -0.18397760 -0.10131735 -0.16246766 0.98149837 0.67145055 -0.73914881 -0.05303950
-0.52101723 -0.62762576 0.57846949 0.42800890 0.39424864 0.81325051 0.73847778 -0.67130762 -0.06321908
-0.36193302 0.80911952 0.46295799 -0.34676105 -0.57784523 0.73881775 -0.86530992 -0.10686674 -0.48971240
-0.14501656 -0.61043930 -0.77867455 0.56881310 -0.69537750 0.43920587 0.80958129 0.37922816 -0.44806712
-0.30349983 -0.58132164 -0.75495232 0.47932125 -0.77792020 0.40631430 0.82349195 0.23854837 -0.51473846
0.17564192 0.58531662 -0.79155187 -0.39986354 0.77715449 0.48594243 -0.89958827 -0.23116088 -0.37054768
-0.83639542 0.50820836 -0.20534597 -0.31740752 -0.14363717 0.93734776 -0.44687265 -0.84917173 -0.28144663
-0.93382721 0.26820059 -0.23671754 -0.30127902 -0.23288255 0.92466030 -0.19286705 -0.93479097 -0.29827527
-0.11109307 -0.81961480 0.56204084 0.27079738 0.51917645 0.81063222 0.95620453 -0.24225481 -0.16427263
-0.60258022 -0.55456888 0.57389062 0.51776680 0.27555647 0.80992973 0.60730109 -0.78518914 -0.12109248
-0.83731417 -0.51082672 -0.19483593 -0.11773757 -0.17953110 0.97668135 0.53389403 -0.84072864 -0.09018044
-0.43113910 -0.87074576 -0.23647601 0.28383315 -0.37966372 0.88050793 0.85647990 -0.31250167 -0.41083438
-0.02444362 -0.98345288 -0.17950749 0.52396347 -0.16552540 0.83550202 0.85138991 0.07363267 -0.51933943
-0.49727937 -0.27645905 -0.82236465 -0.64464521 -0.51663206 0.56349257 0.58064256 -0.81034666 -0.07869246
0.37623967 -0.42337469 -0.82413444 0.58127670 -0.58480314 0.56579385 0.72149920 0.69192425 -0.02607170
0.56822574 -0.01451957 -0.82274461 0.82275796 0.02672237 0.56776337 -0.01374201 0.99953744 -0.02713044
-0.58769541 -0.72369896 0.36176502 0.69237953 -0.21851774 0.68764859 0.41859849 -0.65460661 -0.62949622
-0.61633544 0.56722362 0.54624901 0.28731010 -0.48387651 0.82662956 -0.73320088 -0.66642396 -0.13526116
-0.47359156 0.69012659 0.54720776 0.15351327 -0.54710956 0.82286378 -0.86726277 -0.47370500 -0.15316288
-0.25054633 0.51010146 -0.82281410 -0.58488208 0.59752041 0.54852741 -0.77145285 -0.61868075 -0.14864266
-0.54051004 0.61492003 0.57421446 0.31498262 -0.48496622 0.81583927 -0.78015053 -0.62183689 -0.06843998
-0.35065920 0.91954126 -0.17743166 -0.14823597 0.13257400 0.98002563 -0.92469683 -0.36995675 -0.08982080
-0.06986565 0.56333064 -0.82327236 -0.25550855 0.78765286 0.56064103 -0.96427909 -0.24952267 -0.08890592
0.87534188 -0.43365206 -0.21382816 0.20383778 -0.07004361 0.97649580 0.43843671 0.89835393 -0.02708257
-0.62227651 0.54302632 0.56382121 0.33162034 -0.46956758 0.81825072 -0.70908384 -0.69615278 -0.11212230
0.46453898 0.85941402 -0.21356751 -0.30909193 0.38335720 0.87034443 -0.82985885 0.33829692 -0.44372230
-0.01856362 0.91658780 0.39940229 -0.63986098 -0.31784426 0.69968061 -0.76826644 0.24257334 -0.59238911
0.34656844 0.44669619 -0.82483503 0.05931775 0.86713540 0.49452766 -0.93614727 0.22031504 -0.27402475
-0.24920977 -0.80593066 0.53700117 0.56215706 0.33113190 0.75784636 0.78858984 -0.49074172 -0.37053830
0.03056946 -0.58067940 -0.81355820 0.32944534 -0.76260296 0.55668887 0.94367965 0.28504063 -0.16798976
0.26250826 -0.77569415 0.57392334 -0.04032732 0.58544339 0.80970966 0.96408668 0.23570026 -0.12240206
-0.32872627 -0.75462449 0.56787404 0.37029952 0.45015623 0.81255008 0.86880222 -0.47739005 -0.13145891
-0.62192367 -0.53880209 0.56824577 0.46455321 0.33031364 0.82163448 0.63039771 -0.77497432 -0.04487237
0.06617350 -0.57228423 -0.81738108 0.22756575 -0.78893200 0.57078904 0.97151166 0.22377905 -0.07802589
-0.30094038 -0.49205390 -0.81689525 -0.27736184 -0.77441268 0.56864348 0.91241728 -0.39770335 -0.09657507
-0.81477737 -0.24062315 0.52748302 0.56905082 -0.15772996 0.80703310 0.11099097 -0.95771695 -0.26544161
-0.60206594 0.07212632 -0.79518199 -0.74866838 -0.39713850 0.53082640 0.27751083 -0.91492011 -0.29310226
-0.91402746 -0.37089435 -0.16428995 -0.03897871 -0.32282534 0.94565557 0.40377526 -0.87075897 -0.28061424
-0.17172888 -0.81582385 0.55221430 0.44621028 0.43533215 0.78190939 0.87829697 -0.38068012 -0.28926989
-0.69035084 -0.68792261 -0.22400493 0.10103684 -0.39826267 0.91168986 0.71638487 -0.60675311 -0.34444650
-0.28346615 -0.83122261 0.47824253 0.70391857 0.15832455 0.69241027 0.65126460 -0.53291867 -0.54023338
-0.97263625 0.05500490 -0.22572813 -0.23224755 -0.25656866 0.93820765 0.00630874 -0.96495958 -0.26232273
-0.57602807 -0.09499461 -0.81189143 -0.53202761 -0.71049005 0.46059799 0.62059511 -0.69726603 -0.35872245
0.37531015 -0.76397890 0.52486049 0.24552320 0.62796782 0.73849494 0.89379005 0.14829922 -0.42325724
-0.76459153 0.61323033 0.19836420 -0.44347176 -0.72388959 0.52850417 -0.46768856 -0.31612089 -0.82543019
