0.78492363 -0.42011272 -0.45541212 0.58116708 0.24439063 0.77622036 0.21480159 0.87394423 -0.43598366
0.17219766 0.87788801 -0.44683397 -0.30230114 0.47881697 0.82422590 -0.93752973 0.00685136 -0.34783771
-0.23482677 0.69444579 0.68014809 -0.18158635 -0.71873661 0.67115131 -0.95492554 -0.03409869 -0.29488048
-0.64353469 0.73842658 -0.20146785 -0.28883484 0.00947473 0.95733206 -0.70882829 -0.67426732 -0.20718600
0.16221725 -0.91264892 0.37517664 0.56440344 0.39769288 0.72338726 0.80940368 -0.09440509 -0.57961484
-0.79663858 -0.35745207 0.48743716 0.44763838 0.19301269 0.87313572 0.40618572 -0.91376918 -0.00624791
0.73973743 -0.46640402 -0.48503177 0.56199579 0.03181129 0.82652814 0.37006657 0.88399962 -0.28564910
0.87741243 0.16237692 -0.45142128 0.37210463 0.36356851 0.85402347 -0.30279626 0.91730675 -0.25857833
-0.48630804 0.68031417 0.54834033 0.10788886 -0.57599185 0.81030450 -0.86710119 -0.45321741 -0.20671115
0.86487601 -0.20217000 -0.45947446 0.48740743 0.11922041 0.86499739 0.12009779 0.97206676 -0.20165004
-0.68881927 0.59211125 0.41824907 -0.00656025 -0.58201623 0.81315071 -0.72490342 -0.55737006 -0.40478839
0.55076886 -0.45682120 0.69854710 -0.41092469 0.58006002 0.70332871 0.72649471 0.67442180 -0.13175989
-0.70814302 -0.34567464 0.61566428 0.55674437 0.26290236 0.78798354 0.43424552 -0.90077266 -0.00627994
0.08704939 0.95988791 -0.26652879 -0.34249638 0.28007223 0.89680309 -0.93547776 -0.01321898 -0.35313825
0.00464108 -0.84497157 -0.53479108 0.25296638 -0.51641018 0.81812501 0.96746394 0.13908114 -0.21135270
-0.60480760 0.77671008 -0.17586704 -0.27340727 0.00489916 0.96188589 -0.74796807 -0.62983922 -0.20939514
-0.72063696 -0.53141283 0.44528954 0.36534197 0.25479208 0.89532466 0.58924326 -0.80788700 -0.01053482
-0.69997853 0.71190681 0.05673396 -0.01833281 -0.09732679 0.99508362 -0.71392854 -0.69549708 -0.08117791
0.79809715 -0.34223079 0.49590223 -0.44297129 0.22463716 0.86793697 0.40843282 0.91236847 -0.02768387
-0.45281643 -0.78232214 0.42770241 0.61880638 0.06960270 0.78245391 0.64190026 -0.61897297 -0.45258869
-0.25983763 -0.75533742 0.60162263 0.65466188 0.32019946 0.68475553 0.70986071 -0.57178465 -0.41129075
0.88441166 -0.00489516 0.46668196 -0.46655054 0.01666938 0.88433745 0.01210827 0.99984907 -0.01245876
-0.90402612 -0.18131055 -0.38712176 -0.31258904 -0.33734108 0.88796908 0.29159024 -0.92375726 -0.24828945
-0.06837440 0.82455852 -0.56162994 -0.05820577 0.55869150 0.82733058 -0.99596036 -0.08925833 -0.00979387
-0.52515055 0.59295239 0.61042965 -0.19538877 -0.78214942 0.59166334 -0.82827540 -0.19144123 -0.52660244
-0.78315080 0.36689720 -0.50205703 -0.51889069 0.05934526 0.85277816 -0.34267663 -0.92836662 -0.14390326
0.30810444 -0.80837790 0.50159428 0.10745504 0.55343967 0.82592853 0.94526455 0.20057341 -0.25738150
-0.10642471 0.68034612 0.72512271 0.06984187 -0.72234826 0.68799354 -0.99186486 -0.12386344 -0.02935906
-0.10136717 0.80144972 0.58940906 -0.10986209 -0.59785511 0.79404004 -0.98876439 -0.01573588 -0.14865182
0.90120099 -0.22431410 -0.37083683 0.40345275 0.12165320 0.90687726 0.15831187 0.96689383 -0.20013413
-0.74962454 -0.32842265 0.57463171 0.52770372 0.22746039 0.81840733 0.39948946 -0.91673351 -0.00279996
0.47005608 0.84749009 -0.24659243 -0.62004184 0.51589461 0.59110141 -0.62816829 0.12495319 -0.76797871
0.31869663 0.81926621 0.47669207 -0.21826123 -0.42597112 0.87801517 -0.92238522 0.38386388 -0.04305849
0.82952755 -0.44686112 -0.33496145 0.42319941 0.11162362 0.89913426 0.36439854 0.88761213 -0.28170624
0.80460792 -0.07394773 0.58918404 -0.58234524 0.09573753 0.80728455 0.11610388 0.99265606 -0.03396806
0.13511807 0.84105779 -0.52379854 -0.32400722 0.53708829 0.77881672 -0.93635593 -0.06448229 -0.34507913
-0.90170038 0.19018773 -0.38828476 -0.40091924 -0.03158815 0.91556865 -0.16186473 -0.98123943 -0.10473297
-0.46813513 -0.74237210 -0.47930488 -0.11688322 -0.48562381 0.86631855 0.87589258 -0.46157684 -0.14056672
0.61784415 -0.70388229 -0.35045446 0.48310553 -0.01183818 0.87548210 0.62038509 0.71021798 -0.33273528
0.88750924 -0.00260606 0.46078254 -0.45891429 0.08513461 0.88439232 0.04153332 0.99636605 -0.07436179
0.14091644 -0.94807391 0.28512877 0.81347813 0.27502983 0.51245675 0.56426579 -0.15973244 -0.80999362
0.71583863 -0.15279947 0.68134233 -0.54849932 0.48079502 0.68409403 0.43211521 0.86341674 -0.26036124
0.17684494 0.87603600 0.44864996 -0.38073891 -0.35945782 0.85195537 -0.90761432 0.32148250 -0.26997270
-0.51574330 -0.85610804 0.03298298 0.06055924 0.00197330 0.99816265 0.85460016 -0.51679313 -0.05082754
0.65493856 0.61817189 -0.43464813 0.14077960 0.46529484 0.87388891 -0.74245309 0.63353313 -0.21771354
0.27563684 -0.89235735 -0.35738312 0.30766145 -0.27033190 0.91228564 0.91069686 0.36141254 -0.20003052
0.79426584 0.57441016 0.19797661 -0.20704969 -0.05044547 0.97702901 -0.57120241 0.81701176 -0.07886433
-0.58399717 -0.80742120 0.08377537 0.27639258 -0.10074569 0.95574968 0.76325254 -0.58131000 -0.28200043
0.02364073 -0.89070600 -0.45396468 0.24478808 -0.43511137 0.86646229 0.96928835 0.13160894 -0.20774786
0.29989038 0.83204473 -0.46665547 -0.27802652 0.54416422 0.79157220 -0.91256069 0.10764229 -0.39452012
-0.26794128 0.88428382 0.38242595 -0.41930609 -0.46440759 0.78006922 -0.86740410 -0.04865922 -0.49521955
0.19938296 -0.86941090 -0.45207425 0.36597181 -0.36188973 0.85738000 0.90901654 0.33639339 -0.24602523
0.18531888 -0.80933554 -0.55734450 0.29507916 -0.49516296 0.81715478 0.93732876 0.31589496 -0.14705500
0.35146785 -0.93472627 0.05250856 0.20360188 0.13106032 0.97024196 0.91379244 0.33031801 -0.23637551
-0.63994041 -0.65090497 -0.40841032 -0.08202671 -0.47058947 0.87853126 0.76403396 -0.59570821 -0.24775763
0.92799764 0.17300624 -0.32998368 0.26574595 0.31342650 0.91167040 -0.26115030 0.93371980 -0.24488335
-0.85688655 0.37594776 -0.35271621 -0.43250005 -0.15196897 0.88873457 -0.28051585 -0.91409448 -0.29281759
-0.20735400 0.94998718 -0.23351376 -0.47355851 0.11139548 0.87368953 -0.85600623 -0.29174544 -0.42677621
-0.11846454 0.99295709 0.00153861 -0.00716765 -0.00240461 0.99997142 -0.99293241 -0.11845013 -0.00740203
0.75509296 -0.51199539 0.40950621 -0.32924218 0.24400978 0.91217258 0.56695168 0.82360181 -0.01567959
-0.87363411 0.16029951 -0.45942085 -0.46405288 0.00949853 0.88575657 -0.14635017 -0.98702272 -0.06608921
0.03645335 0.94261059 -0.33189821 -0.00851454 0.33239986 0.94310012 -0.99929908 0.03155320 -0.02014298
0.16335306 0.97705918 -0.13664234 -0.49836677 0.20125491 0.84328348 -0.85143781 0.06965494 -0.51980943
0.70962436 0.63287030 -0.30969089 0.04244861 0.40033988 0.91538303 -0.70330035 0.66272404 -0.25722647
0.02396466 -0.96469290 0.26228477 0.88324559 0.14332907 0.44646838 0.46829791 -0.22096240 -0.85549558
0.72023448 -0.08954950 0.68792672 -0.63178721 0.32492222 0.70375455 0.28654355 0.94149160 -0.17744396
0.99095988 0.01600044 -0.13320099 0.10122165 0.56245283 0.82061014 -0.08804940 0.82667455 -0.55574859
0.97829003 -0.15470551 0.13789426 -0.08668890 0.29888940 0.95034213 0.18823830 0.94166413 -0.27898927
-0.88319477 0.41688369 0.21488364 0.16829644 -0.14595284 0.97487131 -0.43777083 -0.89716540 -0.05874475
0.56070953 -0.80400043 0.19795992 -0.04256421 0.21077475 0.97660754 0.82691783 0.55601917 -0.08396177
-0.55292908 -0.66355678 0.50394627 0.42784381 0.29288871 0.85508238 0.71499588 -0.68841020 -0.12195198
0.05116918 0.93519918 -0.35040578 -0.35631604 0.34486964 0.86839151 -0.93296334 -0.08042032 -0.35087317
0.25311341 0.94340510 0.21429051 -0.26810317 -0.14442559 0.95250299 -0.92954521 0.29854324 -0.21637384
-0.85120033 -0.47257965 0.22831224 0.35583167 -0.19986318 0.91292855 0.38580025 -0.85832580 -0.33828241
0.36794870 0.92845187 0.05090066 -0.21583737 0.03203498 0.97590368 -0.90444900 0.37006875 -0.21218184
-0.74363855 0.59866762 0.29765547 0.22577994 -0.19418418 0.95462868 -0.62930527 -0.77710333 -0.00923570
0.98615319 0.02671793 0.16367052 -0.16457991 0.03638873 0.98569230 -0.02037989 0.99898049 -0.04028210
0.83776504 -0.11907470 -0.53288925 0.52928185 -0.06277377 0.84612066 0.13420303 0.99089892 -0.01043441
-0.52081917 0.60608831 0.60116916 0.28700219 -0.53891057 0.79196284 -0.80397583 -0.58500630 -0.10672628
-0.75833588 0.21037229 0.61698476 0.52239837 -0.37000810 0.76824082 -0.38990594 -0.90489641 -0.17069228
-0.81562038 -0.28207046 -0.50517289 -0.46992965 -0.18640066 0.86279831 0.33753448 -0.94111160 -0.01947891
-0.87401319 -0.25923697 0.41097097 0.42136163 0.01684429 0.90673626 0.24198208 -0.96566685 -0.09451038
0.85423076 -0.35391405 0.38083417 -0.30254547 0.25730952 0.91774618 0.42279552 0.89918667 -0.11272661
-0.34690863 0.81152829 0.47018745 -0.00982752 -0.50443765 0.86339219 -0.93784744 -0.29489742 -0.18296908
-0.80284119 0.44305381 0.39893527 0.00093239 -0.66820398 0.74397754 -0.59619222 -0.59766777 -0.53604858
-0.47710717 -0.79347113 -0.37785223 -0.05558949 -0.40183406 0.91402363 0.87708526 -0.45709184 -0.14760926
0.40732281 0.88104467 -0.24051696 -0.19960841 0.34286913 0.91793096 -0.89120402 0.32588501 -0.31552234
0.83336563 0.55215270 0.02508241 -0.07993606 0.07549657 0.99393687 -0.54691129 0.83031781 -0.10705316
0.59366985 0.80347791 -0.04448991 -0.15996482 0.17201636 0.97201936 -0.78864908 0.56994177 -0.23064912
0.97434478 0.00263287 0.22504516 -0.22506052 0.01204861 0.97427029 0.00014635 0.99992395 -0.01233205
0.20611848 -0.90760704 -0.36573847 0.23398811 -0.31720570 0.91903760 0.95013933 0.27500908 -0.14698730
-0.42922026 0.81204265 0.39541966 -0.24137284 -0.52500441 0.81615533 -0.87035000 -0.25486684 -0.42134756
-0.05023364 0.97360262 0.22265336 -0.21365065 -0.22824968 0.94987130 -0.97561774 -0.00014546 -0.21947664
-0.48647382 0.85394062 0.18473938 0.01010392 -0.20593323 0.97851388 -0.87363673 -0.47788797 -0.09155298
-0.56850659 -0.82264954 0.00692752 0.12483796 -0.07794220 0.98911096 0.81315173 -0.56318092 -0.14700854
-0.23649486 -0.94641273 -0.21993890 0.62935794 -0.32166576 0.70741764 0.74025588 -0.02888034 -0.67170467
-0.93347417 -0.32023858 0.16147207 0.34703916 -0.69293261 0.63198751 0.09049752 -0.64598115 -0.75797002
0.99708908 0.06720220 0.03601711 -0.04149286 0.08195022 0.99577232 -0.06396648 0.99436815 -0.08450008
0.70423339 -0.61097425 -0.36161554 0.39973311 -0.07971997 0.91315835 0.58674422 0.78762630 -0.18808518
0.98985707 -0.09544411 -0.10523021 0.12048176 0.17147516 0.97779365 0.07528028 0.98055428 -0.18123517
0.35499276 0.93263400 0.06460614 -0.06567375 -0.04405810 0.99686802 -0.93255943 0.35812386 -0.04560926
-0.07355966 0.91647402 0.39327388 -0.01776657 -0.39548390 0.91830106 -0.99713255 -0.06056279 -0.04537426
0.03324631 0.87052077 0.49100741 -0.04919317 -0.48925823 0.87075049 -0.99823580 0.05310345 -0.02655764
0.39879227 0.79646405 -0.45454345 0.15970063 0.42777178 0.88966680 -0.90302848 0.42738311 -0.04339627
-0.36480011 0.86769707 0.33767244 -0.10571261 -0.39891863 0.91087253 -0.92506525 -0.29659016 -0.23725208
-0.28809917 -0.95679374 -0.03930145 0.83178979 -0.27037282 0.48479303 0.47447298 -0.10697793 -0.87374545
-0.30871408 -0.94917004 -0.06141548 0.65463370 -0.25887281 0.71023911 0.69003648 -0.17905617 -0.70127637
0.81224356 0.57152611 -0.11669748 0.03253447 0.15535962 0.98732208 -0.58241043 0.80574269 -0.10759556
0.56464671 -0.79599430 0.21809898 0.13504436 0.34980000 0.92703990 0.81420950 0.49399700 -0.30500796
-0.95615242 0.00477578 0.29283056 0.29023815 -0.11827943 0.94961666 -0.03917099 -0.99296887 -0.11170705
0.73349757 0.49434333 -0.46648257 0.17096276 0.53006411 0.83054426 -0.65783969 0.68895335 -0.30428644
-0.79590057 0.53543658 -0.28257733 -0.23810498 0.15230015 0.95922400 -0.55664019 -0.83073000 -0.00627434
-0.27162151 -0.85169765 -0.44814380 0.08678776 -0.48542980 0.86995735 0.95848299 -0.19740573 -0.20577011
-0.14869172 0.86823867 0.47334172 -0.17435636 -0.49418209 0.85169474 -0.97339130 -0.04410982 -0.22486372
-0.21767018 0.90786933 0.35831966 -0.20305664 -0.40121253 0.89319455 -0.95466627 -0.12166263 -0.27168090
-0.41810621 0.85216048 -0.31465807 -0.40993842 0.13211073 0.90249501 -0.81064029 -0.50632921 -0.29409701
0.31962610 0.87285890 -0.36872279 -0.25270462 0.45356506 0.85464560 -0.91322480 0.17998909 -0.36554671
-0.48332534 0.84909675 0.21314625 -0.40564753 -0.43297417 0.80497420 -0.77578779 -0.30260218 -0.55370138
-0.00394288 0.99722472 0.07434585 -0.14223783 -0.07414978 0.98705127 -0.98982466 0.00668297 -0.14213544
-0.04404563 0.96285537 -0.26640104 -0.40514498 0.22653244 0.88574297 -0.91319085 -0.14694415 -0.38011825
0.71639932 0.53280198 0.45043763 -0.43355712 -0.16585323 0.88573186 -0.54662623 0.82982815 -0.11218295
-0.55187554 -0.82562323 -0.11738684 -0.02300499 -0.12563780 0.99180941 0.83360912 -0.55005584 -0.05034298
-0.12127301 -0.96389111 -0.23707971 0.22069793 -0.25904753 0.94031208 0.96777336 -0.06171147 -0.24414425
-0.95621407 0.10801613 0.27200581 0.21909438 -0.35200722 0.90999372 -0.19404201 -0.92974374 -0.31292853
-0.75813317 0.58071486 -0.29665526 -0.31541420 0.07160766 0.94624850 -0.57074336 -0.81095166 -0.12887757
0.90448427 0.33872204 -0.25918255 0.14542669 0.32634330 0.93399739 -0.40094799 0.88247800 -0.24591316
-0.86115885 0.49752937 -0.10425912 -0.14648494 -0.04648220 0.98812022 -0.48677264 -0.86620086 -0.11290912
-0.43548683 0.85780479 0.27298749 -0.09844198 -0.34681560 0.93275298 -0.89479629 -0.37932821 -0.23547762
0.07886051 0.96743379 -0.24052627 -0.24328266 0.25265928 0.93647041 -0.96674431 0.01533467 -0.25528470
-0.04602633 0.98465637 -0.16832532 -0.01767463 0.16767480 0.98568391 -0.99878385 -0.04834250 -0.00968598
0.03913048 0.99728188 -0.06243118 -0.13193510 0.06708856 0.98898547 -0.99048571 0.03046261 -0.13420169
-0.60020419 0.79634013 -0.07481533 -0.06306762 0.04612746 0.99694269 -0.79735651 -0.60308760 -0.02253739
-0.90698438 0.31418562 -0.28047589 -0.37102730 -0.28093086 0.88510824 -0.19929395 -0.90684356 -0.37137135
0.72330129 0.68339564 -0.09902343 -0.06033746 0.20540058 0.97681625 -0.68789144 0.70055763 -0.18980086
-0.21502591 0.95325115 0.21231135 -0.57414312 -0.29924950 0.76210853 -0.79001490 -0.04197598 -0.61164898
0.67784997 -0.62458575 -0.38782993 0.41232351 -0.11378355 0.90390410 0.60869429 0.77262277 -0.18040321
-0.82905431 0.33753414 -0.44580227 -0.52831267 -0.21165561 0.82224548 -0.18317936 -0.91720914 -0.35379756
0.68882903 0.45801162 0.56190740 -0.48271107 -0.28849618 0.82689781 -0.54083694 0.84083013 -0.02236273
0.32180697 -0.94066757 -0.10763272 0.16245831 -0.05713438 0.98505988 0.93276341 0.33448497 -0.13443302
-0.81828525 0.56967911 -0.07664833 -0.13085394 -0.05477228 0.98988749 -0.55972002 -0.82004006 -0.11936411
-0.06095827 0.95313533 -0.29633955 -0.06908271 0.29215095 0.95387389 -0.99574679 -0.07861844 -0.04803616
0.57368340 -0.69336359 0.43604390 -0.26738263 0.34466353 0.89984087 0.77420532 0.63281433 -0.01233437
0.73601816 -0.44898033 0.50664972 -0.35052211 0.38752100 0.85262051 0.57914724 0.80513610 -0.12784496
0.80050034 0.50220661 0.32708979 -0.28754761 -0.15701717 0.94480791 -0.52584749 0.85037293 -0.01871602
0.68110073 0.72301439 -0.11555079 -0.18368878 0.32149884 0.92892245 -0.70877374 0.61146438 -0.35178273
-0.00385337 0.99714156 0.07545766 -0.13122109 -0.07530994 0.98848846 -0.99134564 0.00609262 -0.13113620
-0.81940843 -0.56065597 -0.11930927 0.05768726 -0.28774387 0.95596843 0.57029992 -0.77644597 -0.26812246
-0.94406513 0.30721218 -0.11984036 -0.15137882 -0.08088690 0.98516078 -0.29295987 -0.94819723 -0.12286792
-0.28055527 0.95661743 -0.07856103 -0.22555345 0.01384946 0.97413235 -0.93296001 -0.29101767 -0.21188282
0.72963570 -0.63657232 -0.24981479 0.34340371 0.02516735 0.93885063 0.59135914 0.77080626 -0.23696429
0.17404523 -0.92143054 -0.34738167 0.24804436 -0.30036955 0.92100604 0.95298597 0.24646278 -0.17627776
0.97118960 -0.23748152 -0.01983129 0.06852988 0.19861280 0.97767920 0.22824200 0.95087091 -0.20916527
0.89523294 -0.26446978 -0.35862756 0.39847470 0.11492550 0.90995057 0.19943898 0.95752173 -0.20826961
0.01484284 0.96805592 -0.25029470 -0.01268734 0.25048446 0.96803748 -0.99980934 0.01119285 -0.01599996
0.80716400 -0.45306533 -0.37844164 0.42357506 -0.00203089 0.90585873 0.41118176 0.89147500 -0.19026791
0.76000948 -0.38380575 0.52447949 -0.39095772 0.37466547 0.84070081 0.51917016 0.84398989 -0.13469749
0.65517805 0.69285417 -0.30115580 0.02759756 0.37641538 0.92603987 -0.75497026 0.61503216 -0.22749801
0.59880084 0.77150000 0.21500070 -0.23149718 -0.09026233 0.96863913 -0.76671155 0.62979398 -0.12455092
-0.47572031 0.87650128 0.07372711 -0.04996319 -0.11061086 0.99260713 -0.87817644 -0.46851973 -0.09641263
-0.17435952 0.94129926 -0.28905789 -0.50821731 0.16540746 0.84519556 -0.84339429 -0.29427211 -0.44954421
-0.49742807 -0.83066991 0.25010560 0.46385750 -0.01105370 0.88584086 0.73307676 -0.55665547 -0.39081089
-0.85747091 -0.41819241 -0.29976449 -0.05920117 -0.49854040 0.86484258 0.51111531 -0.75932376 -0.40272641
0.98611122 0.14058649 -0.08843137 0.05631502 0.21787502 0.97435060 -0.15624752 0.96579807 -0.20693187
0.65949542 0.65402928 -0.37055565 0.00731652 0.48734297 0.87317999 -0.75167297 0.57856938 -0.31661524
-0.38731963 0.83779137 -0.38482350 -0.39159078 0.22838602 0.89134533 -0.83464973 -0.49592887 -0.23961299
0.79946067 -0.52189745 0.29746543 -0.17128736 0.27658026 0.94560245 0.57578058 0.80692404 -0.13172060
-0.51058823 -0.84695292 -0.14822419 0.56380722 -0.45994581 0.68598197 0.64916953 -0.26668445 -0.71236109
0.95879615 -0.27292239 -0.07888794 0.28398765 0.92837275 0.23973956 -0.00780712 0.25226457 -0.96762681
0.85615745 0.22013714 0.46747627 -0.51327424 0.25808919 0.81849834 -0.05953131 0.94070697 -0.33395570
0.83584890 -0.08925602 0.54165486 -0.52968824 0.12801111 0.83847691 0.14417695 0.98774821 -0.05972008
-0.30919888 -0.95045678 0.03206190 0.10124653 0.00062268 0.99486117 0.94559251 -0.31085612 -0.09603792
0.80829540 0.56407594 0.16875094 -0.19670764 -0.01142542 0.98039562 -0.55494563 0.82564386 -0.10172293
-0.87186630 -0.40623497 0.27353667 0.48836789 -0.67932716 0.54773297 0.03668740 -0.61113645 -0.79067457
0.98047629 0.10304649 0.16747439 -0.17451620 0.06354801 0.98260152 -0.09061097 0.99264448 -0.08029060
-0.49844489 -0.83880808 0.21898332 0.27447243 0.08691145 0.95765927 0.82232449 -0.53744526 -0.18690913
0.88324481 0.28266070 -0.37414107 0.25749025 0.37446709 0.89077111 -0.39188950 0.88310663 -0.25796374
0.92237822 -0.05899280 0.38175682 -0.37620368 0.08715357 0.92242888 0.08768813 0.99444663 -0.05819524
0.27333105 0.95003093 -0.15076928 -0.07622592 0.17763696 0.98113950 -0.95889506 0.25668337 -0.12097068
-0.44414961 0.72706823 0.52354839 -0.14350224 -0.63453315 0.75945690 -0.88438579 -0.26218212 -0.38616357
0.32306558 0.88285429 0.34087672 -0.40054256 -0.19878424 0.89445541 -0.85743472 0.42550339 -0.28940037
-0.91029670 -0.28897160 -0.29640401 -0.13731420 -0.46469896 0.87475693 0.39051854 -0.83698883 -0.38333402
-0.61170102 -0.74463676 -0.26709167 0.49959525 -0.62540159 0.59939756 0.61337301 -0.23321437 -0.75457578
-0.23739292 -0.97006640 0.05114470 0.14963964 0.01550331 0.98861905 0.95981904 -0.24234443 -0.14148002
0.67332435 0.71308750 0.19529602 -0.27102188 -0.00770601 0.96254234 -0.68788186 0.70103269 -0.18807367
0.98856096 0.14639034 0.03629177 -0.06680795 0.20929420 0.97556785 -0.13521806 0.96683287 -0.21668012
0.85714557 -0.50761353 -0.08734972 0.10194638 0.00096196 0.99478943 0.50488455 0.86158434 -0.05257390
0.93430733 -0.29242509 0.20385629 -0.16846676 0.14175947 0.97546051 0.31414768 0.94572291 -0.08318300
-0.29804833 -0.89317238 -0.33676446 0.11145706 -0.38294918 0.91702086 0.94802137 -0.23578175 -0.21368773
-0.25712711 -0.96096501 -0.10213671 0.18578773 -0.15287494 0.97062463 0.94835045 -0.23059816 -0.21784379
-0.82543847 0.56346517 -0.03403438 -0.10331424 -0.09152458 0.99042891 -0.55495721 -0.82105436 -0.13376188
-0.40013143 0.87816639 0.26214238 -0.12344481 -0.33507684 0.93406900 -0.90810584 -0.34139025 -0.24247986
0.27431936 0.95393867 -0.12144918 -0.09079355 0.15142242 0.98429050 -0.95734290 0.25898313 -0.12814958
0.37080858 0.89907846 0.23272071 -0.36867571 -0.08748850 0.92543178 -0.85239616 0.42895651 -0.29902690
-0.36713915 0.91416274 0.17180026 -0.09429091 -0.22032365 0.97085875 -0.92537456 -0.34024105 -0.16708667
0.41846630 0.86023696 -0.29133886 -0.23518382 0.41246876 0.88008982 -0.87725397 0.29976974 -0.37491809
-0.92147674 0.25461693 -0.29334424 -0.36005299 -0.27652718 0.89100761 -0.14574797 -0.92666226 -0.34648895
-0.77388322 -0.42219555 0.47207594 0.44522594 0.16744749 0.87962219 0.45042050 -0.89090530 -0.05838760
0.87510169 -0.10116553 0.47324684 -0.46910470 0.06294003 0.88089689 0.11890257 0.99287667 -0.00762170
-0.87618113 -0.41337838 -0.24784055 -0.17498632 -0.20630029 0.96271490 0.44909510 -0.88688134 -0.10842086
-0.90782193 -0.08808932 -0.40999954 -0.39464329 -0.15120739 0.90630734 0.14183095 -0.98456924 -0.10250553
0.63492038 0.76860551 -0.07824113 -0.03975140 0.13363928 0.99023248 -0.77155424 0.62560859 -0.11540345
0.28844108 -0.78772155 -0.54433124 0.40951470 -0.41238495 0.81377906 0.86550532 0.45763896 -0.20363480
0.37381321 -0.79947887 -0.47020975 0.40219879 -0.31709405 0.85888736 0.83576301 0.51018124 -0.20301549
0.69565042 0.63689993 0.33230856 -0.25330106 -0.21540511 0.94310085 -0.67224182 0.74024261 -0.01148077
-0.06382894 0.91244666 -0.40418680 -0.07484240 0.39949543 0.91367501 -0.99515048 -0.08856922 -0.04279033
0.59256088 -0.79093080 0.15264359 -0.08730655 0.12531850 0.98826759 0.80078035 0.59893551 -0.00520540
0.88983840 -0.22806660 0.39518760 -0.37598835 0.12416961 0.91826721 0.25849637 0.96569536 -0.02474050
0.85250544 -0.09055499 0.51481479 -0.50243822 0.12971575 0.85482727 0.14418846 0.98740752 -0.06508510
-0.94977367 0.04809729 0.30921938 0.15602463 -0.78376265 0.60114259 -0.27126793 -0.61919525 -0.73689277
0.97657882 0.06177119 -0.20610224 0.17906749 0.29771866 0.93770914 -0.11928390 0.95265309 -0.27968453
0.99658565 0.08243579 0.00462357 -0.01080200 0.07466086 0.99715048 -0.08185569 0.99379580 -0.07529641
-0.82638905 0.24742088 0.50583006 0.47769230 -0.16758979 0.86239418 -0.29814628 -0.95430423 -0.02030332
0.53551937 0.77033472 -0.34612631 0.13709102 0.32511827 0.93568380 -0.83332170 0.54852761 -0.06850116
-0.13993129 -0.98882663 0.05139199 0.05952744 0.04340759 0.99728244 0.98837023 -0.14261025 -0.05278823
-0.62225608 -0.75152619 0.21910214 0.15066798 0.15967868 0.97560334 0.76817741 -0.64008679 -0.01386990
-0.64875336 -0.75623338 0.08503026 0.05814616 0.06214911 0.99637167 0.75877408 -0.65134366 -0.00365262
0.82301263 -0.47175899 0.31637584 -0.20026712 0.28021836 0.93881348 0.53154802 0.83601503 -0.13614543
0.93700771 0.28672831 -0.19950793 0.16614564 0.13657279 0.97659792 -0.30726563 0.94822716 -0.08033110
0.56554243 0.75774374 -0.32555518 0.10412937 0.32598084 0.93962416 -0.81811908 0.56529719 -0.10545262
0.91031492 -0.37629763 -0.17241471 0.23010248 0.11381688 0.96648775 0.34406335 0.91948127 -0.19019622
-0.36708472 -0.72493629 0.58285177 0.47321462 0.39391242 0.78797267 0.80082253 -0.56506671 -0.19845122
0.17435263 -0.81605852 -0.55104414 0.35226218 -0.47088868 0.80881098 0.91951755 0.33513033 -0.20536588
-0.05314578 0.71469417 0.69741506 -0.00966240 -0.69873742 0.71531298 -0.99854002 -0.03127716 -0.04404060
-0.20434680 -0.97817011 0.03775731 0.05373657 0.02730381 0.99818179 0.97742251 -0.20600420 -0.04698406
-0.22794376 -0.96170263 -0.15221592 0.82749938 -0.27372608 0.49022322 0.51311443 0.01421525 -0.85820249
-0.13484420 -0.97868992 0.15486474 0.08622122 0.14410996 0.98579827 0.98710837 -0.14628180 -0.06495144
0.87934034 -0.47498174 0.03395449 0.09037851 0.23647622 0.96742479 0.46753854 0.84762689 -0.25087122
0.89290567 -0.30049222 0.33529671 -0.21664399 0.36608336 0.90501290 0.39469588 0.88073117 -0.26177808
0.89997772 -0.14444628 0.41130935 -0.39512573 0.12829907 0.90962355 0.18416235 0.98115983 -0.05839186
-0.81058836 0.28267371 0.51287629 0.47595575 -0.19225471 0.85819826 -0.34119297 -0.93975193 -0.02129926
-0.60835963 -0.79321339 -0.02666607 0.29553926 -0.25759213 0.91994719 0.73658340 -0.55177786 -0.39113435
-0.96689812 -0.07743647 0.24312881 0.25009429 -0.09863312 0.96318449 0.05060506 -0.99210640 -0.11473460
-0.36987572 -0.92897034 0.01435458 0.09992542 -0.02441580 0.99469532 0.92369197 -0.36934804 -0.10185856
0.76623366 0.60712285 0.21044672 -0.21526413 -0.06604885 0.97431971 -0.60543153 0.79185819 -0.08008293
0.12346400 -0.98580380 -0.11378713 0.29796839 -0.07254581 0.95181508 0.94655770 0.15141987 -0.28478157
-0.09873044 -0.94811437 -0.30221093 0.21422002 -0.31682438 0.92397624 0.97178294 -0.02648495 -0.23438529
0.97710079 0.05424307 -0.20574676 0.09461326 0.75534473 0.64846177 -0.19058429 0.65307888 -0.73291582
0.87553843 0.02355425 0.48257399 -0.48262758 -0.00373047 0.87581773 -0.02242945 0.99971560 -0.00810176
0.74164668 0.66728718 0.06846919 -0.05607368 -0.04004213 0.99762336 -0.66844293 0.74372337 -0.00772013
0.61443710 -0.65822778 0.43497498 0.00092449 0.55192328 0.83389438 0.78896527 0.51197351 -0.33973067
-0.72552646 -0.68678657 0.04399494 0.22916083 -0.18081809 0.95644662 0.64891961 -0.70400925 -0.28857289
-0.91357692 -0.30785286 -0.26571380 -0.09049674 -0.48310938 0.87087063 0.39646884 -0.81965355 -0.41349790
0.17897286 0.98310328 0.03842736 -0.12751830 -0.01554939 0.99171432 -0.97555512 0.18239014 -0.12258074
-0.30001315 -0.93318572 -0.19788009 0.66000563 -0.35282891 0.66325284 0.68875589 -0.06838260 -0.72176114
-0.31419930 -0.94736119 -0.06152701 0.60341975 -0.24932139 0.75744535 0.73291432 -0.20086219 -0.64999306
-0.10741241 -0.97433849 0.19780568 0.08027426 0.18980791 0.97853411 0.99096852 -0.12098542 -0.05782658
-0.97127078 0.21384697 0.10441527 -0.14109599 -0.87079862 0.47095826 -0.19163767 -0.44269542 -0.87595420
-0.58493593 0.69814175 0.41285356 -0.10611878 -0.57051634 0.81440157 -0.80410743 -0.43256122 -0.40780145
-0.32373257 0.92933614 0.17757130 -0.10698798 -0.22243063 0.96906047 -0.94008021 -0.29471844 -0.17143584
-0.34174455 0.93527528 -0.09203707 -0.20845285 0.02005685 0.97782674 -0.91638315 -0.35335235 -0.18810648
-0.09502688 0.99288994 -0.07169008 -0.37693481 0.03076537 0.92572871 -0.92135229 -0.11499160 -0.37133124
-0.93648273 -0.13707530 0.32281644 0.31997120 -0.71079599 0.62640841 -0.14359151 -0.68991262 -0.70950832
-0.82704410 -0.34251901 0.44573399 0.49057468 -0.05262040 0.86980893 0.27447139 -0.93803615 -0.21155055
0.19214858 -0.87153186 -0.45112209 0.31469287 -0.38069266 0.86950647 0.92954146 0.30903934 -0.20111530
-0.55147295 0.78865347 0.27185160 -0.18036706 -0.43090585 0.88418769 -0.81446014 -0.43857252 -0.37988003
0.96289329 -0.26026177 0.07141658 -0.04696004 0.09901174 0.99397758 0.26576544 0.96044807 -0.08311583
0.86228377 -0.50291953 0.05948642 -0.02153062 0.08095102 0.99648551 0.50596751 0.86053406 -0.05897458
-0.26090970 0.91826210 0.29786045 -0.50103443 -0.39254441 0.77128036 -0.82516097 -0.05199619 -0.56249957
0.88110991 -0.46724558 0.07298553 -0.04083949 0.07857688 0.99607119 0.47114484 0.88062889 -0.05015280
-0.88782337 0.26595045 0.37555296 0.35140833 -0.13510806 0.92642215 -0.29712262 -0.95447167 -0.02649489
0.56765074 0.73963109 0.36155011 -0.41657332 -0.12074380 0.90104806 -0.71009809 0.66209273 -0.23957027
-0.01916896 0.88194012 0.47097152 -0.04114270 -0.47135488 0.88098346 -0.99896938 0.00248950 -0.04532078
0.75050568 -0.60701376 -0.26129585 0.31574695 -0.01798057 0.94867306 0.58055585 0.79448788 -0.17816822
-0.87625080 0.45087431 -0.16999084 -0.23335696 -0.08842026 0.96836274 -0.42157924 -0.88819717 -0.18269298
-0.98149453 0.19136039 0.00704937 -0.05178833 -0.30070561 0.95230988 -0.18435418 -0.93432186 -0.30505115
-0.83457039 -0.46358226 -0.29763023 -0.05474053 -0.46780353 0.88213566 0.54817492 -0.75249674 -0.36503824
-0.68457917 0.72477648 -0.07778444 -0.51210894 -0.40225971 0.75890155 -0.51874444 -0.55936230 -0.64654313
0.93050805 -0.06841800 -0.35982460 0.36626463 0.16781966 0.91525231 0.00223409 0.98344066 -0.18121664
-0.35148830 0.93618855 0.00263930 -0.40613618 -0.15502110 0.90056752 -0.84351015 -0.31546703 -0.43470815
-0.36551566 0.82289493 0.43501981 0.00464484 -0.46574026 0.88490928 -0.93079360 -0.32546879 -0.16641315
0.99938202 -0.02469433 0.02501518 -0.01993059 0.18811093 0.98194554 0.02895412 0.98183729 -0.18750251
-0.95269462 0.27193539 0.13573543 0.12684329 -0.05010120 0.99065668 -0.27619512 -0.96101041 -0.01323797
-0.55683558 0.68277283 0.47302790 -0.08119056 -0.61149930 0.78706842 -0.82664517 -0.39986230 -0.39593927
-0.28082622 0.84853586 -0.44846799 -0.54175362 0.24556391 0.80386652 -0.79223712 -0.46870595 -0.39073658
0.91208684 -0.14669072 0.38285692 -0.36614737 0.12874501 0.92160774 0.18448222 0.98076835 -0.06371621
-0.24355319 0.89458326 0.37470339 -0.21047443 -0.42587999 0.87995838 -0.94677471 -0.13545119 -0.29201133
0.27169741 0.93949916 -0.20861890 -0.31949428 0.29253318 0.90130336 -0.90780170 0.17822925 -0.37964512
0.10869282 -0.97035610 0.21585853 0.22393260 0.23546446 0.94573288 0.96852468 0.05445661 -0.24288766
0.65279906 -0.72440764 0.22155577 0.08417307 0.36002384 0.92913816 0.75284015 0.58789149 -0.29599884
0.61575046 0.73237691 -0.29064656 -0.11924511 0.45123460 0.88440259 -0.77886582 0.50991312 -0.36518028
0.59525241 0.79974220 0.07801913 -0.14393835 0.01060015 0.98952988 -0.79054179 0.60024999 -0.12142333
-0.59432361 -0.76869403 0.23640842 0.46022093 -0.08400936 0.88382075 0.65952722 -0.63407564 -0.40369783
-0.83557194 0.54609431 0.06000451 -0.01993137 -0.13928304 0.99005201 -0.54901938 -0.82606370 -0.12726541
-0.22137635 0.91997800 -0.32347025 -0.28740893 0.25541665 0.92312428 -0.93187371 -0.29732612 -0.20786669
0.66405179 0.63852770 0.38899562 -0.28604096 -0.26373209 0.92120896 -0.69080807 0.72299914 -0.00751331
-0.96025830 -0.04116228 0.27606097 0.27889476 -0.10241072 0.95484541 0.01103201 -0.99389019 -0.10982069
0.22342598 0.97404805 0.03621101 -0.13843180 -0.00506406 0.99035902 -0.96484065 0.22628469 -0.13370778
-0.86842059 -0.45635745 0.19386479 0.19976961 0.03581848 0.97918800 0.45380368 -0.88907531 -0.06006084
0.58560126 0.80590830 -0.08708032 -0.03586029 0.13307854 0.99045653 -0.80980566 0.57688987 -0.10683107
0.22370429 0.96646422 -0.12610826 -0.08777256 0.14883789 0.98495851 -0.97069685 0.20927060 -0.11812472
0.40991250 0.79224642 -0.45201478 -0.17511313 0.55469763 0.81341621 -0.89515760 0.25427575 -0.36611024
0.81716244 -0.52895193 -0.22903143 0.32363642 0.09223980 0.94167472 0.47697485 0.84362413 -0.24656301
0.73048690 -0.32728841 0.59939235 -0.38174122 0.53207034 0.75576107 0.56627073 0.78088633 -0.26373094
0.28968136 -0.83364261 -0.47023899 0.43944364 -0.32061737 0.83910297 0.85027878 0.44971602 -0.27346206
0.96736517 -0.11761053 0.22443793 -0.22187774 0.03459803 0.97446049 0.12237193 0.99245692 -0.00737377
-0.62047320 -0.77998929 0.08142311 0.05752924 0.05827555 0.99664153 0.78211470 -0.62307357 -0.00871377
0.76835362 0.21875388 0.60148106 -0.63997750 0.25107856 0.72621509 -0.00784337 0.94292433 -0.33291469
0.80944514 0.05913416 0.58421034 -0.58690653 0.11268595 0.80177466 0.01842003 0.99186946 -0.12591932
-0.38628467 0.91539902 -0.11326427 -0.21359275 0.03068416 0.97644079 -0.89730836 -0.40137653 -0.18366977
-0.22419888 -0.96859425 -0.10751767 0.02622363 -0.11628230 0.99286995 0.97419053 -0.21978083 -0.05147042
0.65297737 -0.73346617 0.18880658 0.12617915 0.35115761 0.92777538 0.74679273 0.58199287 -0.32184611
-0.40911845 0.87954865 -0.24293263 -0.64594744 -0.09112003 0.75792417 -0.64449515 -0.46700247 -0.60542109
0.61794376 -0.66123338 0.42534213 0.03896335 0.56608547 0.82342522 0.78525624 0.49225772 -0.37557285
0.04416665 -0.95193110 -0.30311133 0.29993441 -0.27677554 0.91292642 0.95293686 0.13123442 -0.27329265
0.52080411 0.78114684 0.34434384 -0.40759120 -0.12688652 0.90430593 -0.75008832 0.61131777 -0.25230556
0.93256038 0.36100905 -0.00189910 -0.09262686 0.24435189 0.96525252 -0.34892894 0.89998034 -0.26131202
0.65084764 -0.48715103 0.58230681 -0.13292603 0.68202546 0.71914667 0.74748112 0.54545865 -0.37913961
-0.23635265 0.75834873 0.60749044 -0.16823516 -0.64769998 0.74308927 -0.95699235 -0.07342987 -0.28066653
-0.58094984 0.75456259 0.30517631 -0.06463302 -0.41651999 0.90682615 -0.81136912 -0.50709605 -0.29074688
0.38963388 -0.89856927 0.20188785 0.49369083 0.38884034 0.77786410 0.77746691 0.20341203 -0.59512078
-0.89175403 -0.35076870 -0.28589522 -0.04132651 -0.56601649 0.82335743 0.45062942 -0.74604735 -0.49025144
-0.39425488 0.79602079 -0.45925373 -0.48705694 0.24278797 0.83894549 -0.77931933 -0.55444108 -0.29198711
-0.51934120 0.65972249 -0.54318594 -0.35362911 0.41274236 0.83939871 -0.77796605 -0.62802069 -0.01894296
-0.04918423 -0.97910308 -0.19732733 0.78131471 -0.16079063 0.60307023 0.62219630 0.12451320 -0.77289600
0.99157473 -0.00581183 -0.12940547 0.12820554 0.18683955 0.97398887 -0.01851740 0.98237325 -0.18601049
0.61188069 -0.74141771 -0.27550280 0.60043383 0.20867394 0.77196787 0.51486040 0.63777344 -0.57285584
0.99147450 0.04404743 -0.12263013 0.11856679 0.08533246 0.98927261 -0.05403924 0.99537842 -0.07938239
0.28878982 -0.95659565 -0.03905396 0.81217874 0.22318485 0.53903081 0.50691828 0.18738541 -0.84138016
-0.50900028 -0.76866371 -0.38739491 0.40525184 -0.61105600 0.67998641 0.75940086 -0.18912077 -0.62253006
-0.90903940 -0.27900265 0.30952364 0.41510520 -0.67141952 0.61390838 -0.03653815 -0.68655178 -0.72616225
0.69153847 -0.60137320 -0.40015600 0.65662083 0.29248013 0.69520102 0.30103758 0.74350901 -0.59713543
0.88478204 0.14591548 0.44257137 -0.46599348 0.28374015 0.83805823 0.00328960 0.94773424 -0.31904385
0.73984563 0.60166474 -0.30104482 0.01013444 0.43744868 0.89918627 -0.67270033 0.66830995 -0.31754696
-0.52668816 -0.78479471 -0.32664482 0.55599608 -0.60871058 0.56598568 0.64301473 -0.11648472 -0.75694344
-0.31587509 -0.91330421 -0.25709598 0.54441060 -0.39638958 0.73925124 0.77707144 -0.09354527 -0.62242209
0.73521059 0.61114466 -0.29320231 -0.01952018 0.45146441 0.89207558 -0.67755764 0.65014005 -0.34385107
0.26890543 -0.96315934 -0.00373669 0.17504001 0.04505388 0.98352994 0.94712769 0.26513061 -0.18070665
0.61767751 0.76992380 -0.16028671 -0.15996611 0.32255730 0.93293495 -0.76999048 0.55061250 -0.32239811
0.60543524 -0.76353725 0.22463088 0.16136642 0.39413576 0.90477504 0.77936451 0.51153482 -0.36183295
0.11587857 -0.95491267 0.27333852 0.20885679 0.29246518 0.93318967 0.97105664 0.05104808 -0.23333044
0.16697689 -0.96467665 0.20375887 0.20992755 0.23670627 0.94863089 0.96335307 0.11562483 -0.24203668
0.94448535 0.14837866 0.29314024 -0.32480593 0.28730111 0.90108778 -0.04948268 0.94627789 -0.31954595
-0.94341998 -0.31535584 -0.10251558 0.03406754 -0.39969400 0.91601534 0.32984565 -0.86069472 -0.38782270
0.86313852 -0.42964816 -0.26531934 0.31941072 0.05758043 0.94586536 0.39111211 0.90115867 -0.18693412
-0.83962427 -0.33141427 -0.43034366 -0.13939545 -0.63427728 0.76043491 0.52497618 -0.69846755 -0.48635696
0.87618267 -0.38379242 -0.29156014 0.34368684 0.07340045 0.93621137 0.33791018 0.92049756 -0.19621660
-0.49305011 -0.82565764 -0.27420986 0.68714712 -0.56288676 0.45933357 0.53360137 -0.03805195 -0.84487965
-0.50891622 -0.82910926 -0.23147811 0.45888646 -0.48881282 0.74194693 0.72830454 -0.27136666 -0.62923179
0.80470607 -0.55095376 -0.22112914 0.31379820 0.07854583 0.94623530 0.50396313 0.83083121 -0.23609460
-0.93065127 -0.08259229 0.35646419 0.24718124 -0.86020978 0.44602753 -0.26979555 -0.50320735 -0.82097060
0.39327910 0.85447295 -0.33942234 0.09553752 0.32919273 0.93941723 -0.91444198 0.40188074 -0.04783039
-0.92709336 -0.08335763 0.36544411 0.35170563 -0.53060128 0.77121037 -0.12961885 -0.84351277 -0.52123427
-0.87322814 -0.23660741 0.42601591 0.45207382 -0.71971662 0.52691294 -0.18193923 -0.65270585 -0.73544082
-0.80241871 -0.44229498 0.40062372 0.59618920 -0.62354181 0.50572132 -0.02612763 -0.64464778 -0.76403310
0.88500628 0.02028207 0.46513710 -0.46370563 0.12793284 0.87670421 0.04172494 0.99157543 -0.12262627
0.75040059 0.65135429 -0.11241242 -0.13939402 0.32218939 0.93635640 -0.64611784 0.68697277 -0.33256600
-0.95758510 -0.18077980 0.22438681 0.26731069 -0.84807887 0.45750108 -0.10759076 -0.49807721 -0.86043206
-0.92119492 0.38625373 -0.04698918 -0.38383472 -0.88227311 0.27251616 -0.06380309 -0.26907658 -0.96100310
-0.87988133 -0.46635514 -0.09122346 0.13008738 -0.42103097 0.89766931 0.45704060 -0.77797545 -0.43112421
0.58246549 -0.71397955 0.38854491 0.26203907 0.61741000 0.74171452 0.76946051 0.33020917 -0.54671055
-0.86692880 -0.24803998 -0.43233162 -0.25234988 -0.52957883 0.80985542 0.42983019 -0.81118582 -0.39651428
-0.42335223 -0.85143069 -0.30957823 0.67231635 -0.52430342 0.52258649 0.60725910 -0.01310365 -0.79439579
-0.42605294 -0.79042737 0.44011756 0.40331760 0.26951783 0.87446844 0.80982332 -0.55007701 -0.20396440
0.62319772 -0.72382252 -0.29615125 0.58110255 0.17514289 0.79476084 0.52339701 0.66738739 -0.52976376
-0.82545529 -0.54828201 -0.13420287 0.11645270 -0.39804952 0.90994250 0.55232449 -0.73548856 -0.39242100
-0.20976192 -0.94015898 -0.26851635 0.15553325 -0.30321363 0.94014409 0.96530272 -0.15544320 -0.20982866
0.43662015 -0.86941837 0.23124563 0.41513961 0.42274599 0.80557118 0.79813655 0.25572939 -0.54550942
0.09205076 0.97648071 -0.19496686 -0.25682733 0.21245586 0.94281612 -0.96206361 0.03671412 -0.27034366
0.93477468 0.34886258 -0.06701632 -0.05208486 0.32120564 0.94557607 -0.35140213 0.88041004 -0.31842536
0.60043435 0.79566372 -0.07998646 -0.22292403 0.26260155 0.93879993 -0.76797361 0.54585682 -0.33504755
0.03340493 0.95205265 -0.30410502 -0.41827975 0.28966316 0.86089331 -0.90770378 -0.09844289 -0.40790053
0.93419860 0.31869338 -0.16033558 0.04569324 0.33884036 0.93973365 -0.35381506 0.88522412 -0.30198205
-0.04637977 0.97528788 0.21601495 -0.13193377 -0.22033395 0.96646077 -0.99017291 -0.01632456 -0.13889245
0.77430711 -0.58139756 -0.24985071 0.31341395 0.00933567 0.94957071 0.54974557 0.81356605 -0.18944678
0.63222343 0.71016576 0.30977109 -0.39780428 -0.04555835 0.91633847 -0.66486487 0.70255891 -0.25370392
-0.77444962 -0.59815628 -0.20600208 0.02148458 -0.35030459 0.93638940 0.63227067 -0.72076054 -0.28414439
-0.83856235 -0.53026562 -0.12502621 0.13233621 -0.42086966 0.89741621 0.52848870 -0.73599396 -0.42309879
0.76080306 -0.45844157 0.45935829 -0.22365812 0.47923714 0.84871008 0.60922553 0.74844044 -0.26207091
-0.50748439 0.64725317 0.56879075 -0.09604040 -0.69848568 0.70915019 -0.85629191 -0.30525576 -0.41663304
0.95299144 0.00575024 -0.30294266 0.28713204 0.30214677 0.90898983 -0.09676006 0.95324407 -0.28629221
0.92187143 0.05236450 -0.38394143 0.34952602 0.31537988 0.88225115 -0.16728604 0.94751965 -0.27243695
-0.98060873 0.15301415 -0.12244667 -0.16851138 -0.33935848 0.92544029 -0.10005214 -0.92812849 -0.35856251
-0.84048868 -0.26046397 0.47511819 0.51065119 -0.08762259 0.85531143 0.18114673 -0.96149925 -0.20665203
0.39497396 -0.90607422 -0.15174018 0.31018154 -0.02394567 0.95037573 0.86474446 0.42244067 -0.27158958
-0.96472428 -0.14606458 -0.21902557 -0.19974016 -0.13586275 0.97038404 0.17149615 -0.97990125 -0.10189513
0.20290387 -0.97181474 -0.12002555 0.19965412 -0.07894110 0.97668139 0.95862832 0.22213603 -0.17800936
-0.15969693 0.87440552 -0.45816142 -0.29813406 0.39972485 0.86679648 -0.94107012 -0.27501826 -0.19685523
-0.36927310 -0.91903258 -0.13790034 0.04767073 -0.16692557 0.98481641 0.92809745 -0.35709239 -0.10545208
0.47161135 -0.76975919 -0.43017847 0.69949666 0.02953157 0.71402543 0.53692379 0.63765090 -0.55237141
0.97648134 -0.07960153 0.20036915 -0.19318677 0.08957517 0.97706456 0.09572394 0.99279398 -0.07209051
-0.40453221 0.86053672 -0.30956460 -0.48051144 0.08800536 0.87256164 -0.77811467 -0.50172862 -0.37789674
-0.51304853 0.72540419 0.45887903 -0.16279795 -0.60713025 0.77774655 -0.84277994 -0.32431716 -0.42958160
0.03899080 0.95889102 -0.28108315 -0.37158128 0.27503826 0.88672505 -0.92758130 -0.06987112 -0.36702991
0.97024040 -0.20612804 -0.12706219 0.20333291 0.40860659 0.88977322 0.13148876 0.88912985 -0.43835923
0.33731181 0.87793245 -0.33978722 0.07562899 0.33450226 0.93935536 -0.93835015 0.34255342 -0.04643442
0.39179514 0.90958932 -0.13836124 -0.59787728 0.36600858 0.71314829 -0.69931347 0.19668499 -0.68722317
